Epoch	Time(sec)	Loss_dev	Loss_train	R2_dev	R2_train
1	8.30627812500461	486.8473262786865	471.14350414276123	-5.270905017852783	-4.655871868133545
2	16.370353458012687	90.81450855731964	345.3360177874565	-2.8891520500183105	-2.373685836791992
3	24.739780583011452	103.36741244792938	329.60315907001495	-2.5149118900299072	-2.2212507724761963
4	32.88512716701371	79.11685597896576	296.5435685515404	-1.9049780368804932	-1.6325714588165283
5	41.1940542079974	65.62728452682495	291.57467114925385	-1.1921992301940918	-0.9519944190979004
6	49.9820157920185	65.22028642892838	278.8812543153763	-1.1371686458587646	-1.0713286399841309
7	58.7134686250065	62.02840703725815	272.21576327085495	-0.8770134449005127	-0.6870317459106445
8	67.39485829201294	66.44581437110901	257.5867077112198	-0.7048228979110718	-0.5088480710983276
9	76.44107633302337	61.67700082063675	248.86474817991257	-0.7447812557220459	-0.5227326154708862
10	85.56161950001842	59.60127979516983	278.07696384191513	-0.5128315687179565	-0.3939023017883301
11	94.43528100001276	58.19115549325943	242.48197907209396	-0.5569115877151489	-0.44166040420532227
12	103.50147579199984	52.58588021993637	246.4890981912613	-0.35241198539733887	-0.24229753017425537
13	112.93180995801231	54.21470579132438	237.35546511411667	-0.11545908451080322	-0.0321505069732666
14	121.91840316701564	59.18735206127167	237.8970631957054	-0.3429654836654663	-0.236578106880188
15	130.651679875009	52.362868666648865	238.8609703183174	-0.2919207811355591	-0.2257692813873291
16	139.35670645799837	51.231528997421265	219.25575110316277	-0.4136110544204712	-0.27913057804107666
17	148.41387283301447	49.729077875614166	212.58038365840912	-0.17507922649383545	-0.04842805862426758
18	157.04357687500305	47.151556611061096	211.9928401708603	-0.3771413564682007	-0.3408184051513672
19	166.00587683302	48.36795487999916	206.1485305428505	-0.5364850759506226	-0.4519606828689575
20	174.87518945802003	49.43715190887451	217.5658636689186	-0.2532472610473633	-0.12728285789489746
21	183.61233945802087	48.000467121601105	207.16722989082336	-0.10449576377868652	-0.004893302917480469
22	192.13548279201495	41.90448960661888	190.89754992723465	-0.08097362518310547	0.014944255352020264
23	200.84305875000427	44.36328053474426	194.8364830315113	0.12020200490951538	0.19720876216888428
24	209.64670170799945	40.77419900894165	197.12198409438133	-0.08391523361206055	-0.021368861198425293
25	218.715652917017	40.45282185077667	186.43071845173836	0.15230423212051392	0.23196262121200562
26	230.16567791701527	43.21649384498596	186.4731358885765	0.11715757846832275	0.165041983127594
27	239.75591012500809	39.46255308389664	183.55451035499573	0.20520997047424316	0.23273396492004395
28	247.82002900002408	39.544075697660446	177.96517652273178	0.2502645254135132	0.2739443778991699
29	257.35711679200176	40.23325052857399	179.32768440246582	0.31724703311920166	0.3411325216293335
30	266.39874329202576	39.07019156217575	176.20285785198212	0.08851450681686401	0.15880584716796875
31	274.6720945420093	37.38874512910843	171.0437508225441	0.1296696662902832	0.16510885953903198
32	283.46395320800366	38.79217937588692	166.66879758238792	0.37702512741088867	0.4080802798271179
33	294.5712000830099	34.80215135961771	166.49704912304878	0.4423522353172302	0.45224976539611816
34	304.6491569580103	34.67374014109373	159.88488653302193	0.39395296573638916	0.40366673469543457
35	311.9923425830202	36.51380595564842	164.7778416275978	0.2847139239311218	0.33161604404449463
36	319.7293147080054	37.26676204800606	158.78551879525185	0.3842267394065857	0.4205133318901062
37	327.4282623330073	34.84997349977493	160.70029264688492	0.22996771335601807	0.27193039655685425
38	334.8599201250181	37.000972747802734	166.95292288064957	0.30755895376205444	0.3681044578552246
39	343.2122001670068	37.01920408010483	152.83482626080513	0.3702685832977295	0.39631474018096924
40	350.31404645802104	33.918265879154205	151.57605826854706	0.36088109016418457	0.38866811990737915
41	357.5882969580125	31.805915653705597	148.8852742612362	0.4739912152290344	0.49701160192489624
42	364.7954242080159	32.078610986471176	147.71743124723434	0.39704591035842896	0.44200819730758667
43	372.2155465830001	31.756427198648453	150.30387225747108	0.3167467713356018	0.3797798752784729
44	379.6469071250176	30.61829560995102	143.96689689159393	0.4737544655799866	0.5079839825630188
45	387.14159420802025	31.241119146347046	147.234764367342	0.40728121995925903	0.43469858169555664
46	394.36806262499886	30.895536601543427	144.47904601693153	0.47230833768844604	0.4938323497772217
47	402.12857050000457	29.134120151400566	139.0774463415146	0.41123491525650024	0.4349263310432434
48	409.84747525001876	30.01521474123001	137.38935139775276	0.47798609733581543	0.5097033977508545
49	416.98898945801193	30.280207946896553	135.91595393419266	0.4273079037666321	0.44310224056243896
50	424.0167067500006	29.027234703302383	133.18015691637993	0.4241824746131897	0.4674423933029175
51	430.9780072499998	28.510354846715927	135.247096657753	0.5137730836868286	0.5467819571495056
52	437.9390226670075	28.611852645874023	131.56415778398514	0.4202060103416443	0.45885908603668213
53	444.955014792009	29.755411118268967	141.25362530350685	0.3779727816581726	0.4056798815727234
54	452.01170995802386	29.41976523399353	129.4750727713108	0.48969417810440063	0.5010244846343994
55	459.2299910830043	31.09224960207939	132.51335880160332	0.33793556690216064	0.3489256501197815
56	467.0302430000156	29.26062123477459	132.45606756210327	0.5354481339454651	0.5630128383636475
57	473.9308943330252	28.41893332451582	130.27174052596092	0.3745751976966858	0.39671003818511963
58	480.7909404580132	29.249451398849487	133.05594700574875	0.508367657661438	0.5455937385559082
59	487.7846222500084	30.769622534513474	130.47800239920616	0.5805885791778564	0.6006346940994263
60	494.72779820801225	27.545386612415314	127.58353069424629	0.5673257112503052	0.586519718170166
61	501.6713144170062	30.495712757110596	124.14031228423119	0.560626745223999	0.5782158374786377
62	509.4350745830161	26.858475923538208	121.73693352937698	0.5339993238449097	0.5501909255981445
63	518.276515458012	26.867794543504715	127.55071057379246	0.43872445821762085	0.43730294704437256
64	527.3732845830091	29.006372079253197	125.14387556910515	0.5479748249053955	0.5817530751228333
65	535.8339350830065	26.175215870141983	118.38969060778618	0.5216091871261597	0.5509867668151855
66	544.1165575420018	25.303293704986572	123.44241636991501	0.4868156313896179	0.5169693231582642
67	552.406972458004	26.503919929265976	118.21062606573105	0.548964262008667	0.5776720643043518
68	562.5213674580154	25.158490777015686	117.55004900693893	0.5775237083435059	0.6127231121063232
69	569.5442035830056	26.91298758983612	117.06469115614891	0.5150997638702393	0.5371681451797485
70	576.2945413330162	25.040798723697662	113.58920365571976	0.551073431968689	0.575082004070282
71	583.2821047920152	24.702349364757538	117.09388142824173	0.5460059642791748	0.5671032667160034
72	590.0158676250139	24.864360570907593	114.73815020918846	0.6043727397918701	0.6257128715515137
73	597.1686894170125	24.784746184945107	111.49482369422913	0.531896710395813	0.5453464388847351
74	604.4166179170134	23.751376271247864	113.40747618675232	0.5685031414031982	0.5899856090545654
75	611.7678277080122	24.503540754318237	115.34678852558136	0.5812104344367981	0.6076854467391968
76	619.3274592920206	23.620336044579744	111.38252919912338	0.5520480871200562	0.5921075940132141
77	626.5918856250064	24.090619381517172	111.89527308940887	0.5872843265533447	0.6135424375534058
78	633.7944533750124	26.24181765317917	111.81090542674065	0.6049452424049377	0.6262562274932861
79	640.4949379580212	24.128616005182266	108.61122927069664	0.6170135140419006	0.6401535272598267
80	648.2266724579968	23.309627667069435	109.11969795823097	0.6268576979637146	0.6484673619270325
81	656.473974499997	23.34464479982853	108.36846193671227	0.5453062057495117	0.5726125836372375
82	664.4928711670218	25.81652793288231	108.37839601933956	0.6128755807876587	0.6357477903366089
83	672.6399799580104	23.726149290800095	102.95598004758358	0.5881436467170715	0.6033851504325867
84	681.0867117080197	23.16046412847936	105.73292475938797	0.6361376047134399	0.6576101779937744
85	688.8051105830236	22.584991112351418	102.95975996553898	0.6179432272911072	0.6468900442123413
86	696.6299915420241	23.682953059091233	104.98944482207298	0.6078788638114929	0.6351346969604492
87	704.5547253330005	23.160091541707516	103.6867697685957	0.6383113861083984	0.6574060916900635
88	712.4850374580128	24.339081972837448	105.59128288924694	0.6088407039642334	0.6257234811782837
89	720.6775145420106	23.46457052230835	105.1022688895464	0.6145001649856567	0.6461082100868225
90	728.6135817080212	22.757849663496017	101.13728551566601	0.6117374897003174	0.6273962259292603
91	737.2732045830053	23.80556532740593	99.18267257511616	0.6301934719085693	0.6451277732849121
92	745.127418707998	21.635748475790024	99.86276036500931	0.6306253671646118	0.652540922164917
93	753.2523365000088	21.77091684937477	100.89804294705391	0.6356779932975769	0.6485773324966431
94	762.1771321250126	21.87642441689968	98.26516327261925	0.6604390144348145	0.6846168637275696
95	770.4871029170172	22.797743409872055	96.40365336835384	0.6571611166000366	0.6772375106811523
96	779.3421482920239	22.128735199570656	97.76731733977795	0.6406714916229248	0.659339964389801
97	787.0504783750221	21.85729607194662	97.89813841879368	0.6351354122161865	0.660053014755249
98	794.9026718750247	21.68505620956421	97.41760967671871	0.6399580240249634	0.6680266857147217
99	803.7283928750257	22.38659030199051	96.29140266776085	0.6511504650115967	0.6757870316505432
100	812.047870792012	21.343690671026707	93.92923238873482	0.6416558027267456	0.6690921783447266
101	819.5217989580124	23.959053099155426	96.31915107369423	0.6603503227233887	0.6839601993560791
102	826.3662392499973	22.06902801990509	95.0710081756115	0.6652625799179077	0.6983460783958435
103	833.2599260420247	23.00858211517334	94.2668274641037	0.6606334447860718	0.6850621104240417
104	840.0705336670217	21.043184638023376	98.25537185370922	0.682045042514801	0.7032747268676758
105	846.860809292004	20.562667403370142	93.23724062740803	0.6726679801940918	0.702692985534668
106	853.6164122500049	20.658397674560547	92.14969098567963	0.6369505524635315	0.6680160760879517
107	860.366366125003	21.022600412368774	91.98815593123436	0.6606942415237427	0.6889392733573914
108	867.3723429170204	20.990977704524994	94.21814273297787	0.6909903287887573	0.7033020257949829
109	874.4294421250233	19.89046287536621	94.45316796004772	0.6787822246551514	0.6935286521911621
110	881.2525207920116	20.1175849288702	90.05943396687508	0.6537617444992065	0.6786048412322998
111	888.0069392500154	20.09499506559223	90.68105988204479	0.6559157371520996	0.6842272281646729
112	894.7891197920253	20.033188700675964	90.6773998439312	0.6804708242416382	0.7133439779281616
113	901.5219944580167	20.76736941933632	89.80046972632408	0.685782790184021	0.7075072526931763
114	908.374716167018	19.665921334177256	90.51890158653259	0.6822020411491394	0.6944811940193176
115	915.1320572500117	20.09899491071701	90.9021663069725	0.6990554332733154	0.7221143245697021
116	921.9667199170217	21.005229234695435	90.30749467015266	0.6846423149108887	0.7177014350891113
117	929.0250827080163	19.918636560440063	86.66166511178017	0.6677162051200867	0.6969558000564575
118	935.8446473750228	20.61868268251419	88.30486252903938	0.7061833143234253	0.7335690259933472
119	942.6348662920063	19.51930883526802	89.53392986953259	0.6861639618873596	0.7043908834457397
120	949.3836103750218	20.54646810889244	85.01784823834896	0.7244619727134705	0.740441620349884
121	956.1917119170248	19.401646465063095	87.11433064937592	0.6836786270141602	0.7011089324951172
122	962.9405361670069	19.011538609862328	85.41414584219456	0.6391850113868713	0.6775021553039551
123	969.696122125024	19.244329700246453	84.61093308031559	0.6547374129295349	0.687408447265625
124	976.4757822920219	19.17561786621809	85.24802742898464	0.7088959217071533	0.7374746203422546
125	983.2915645830217	19.238648146390915	85.99974146485329	0.6879879832267761	0.7219928503036499
126	990.5374402080197	19.483328753151	84.70748805999756	0.7050746083259583	0.7403640747070312
127	997.3320432920009	19.557472497224808	85.25870986282825	0.6968033909797668	0.7232471704483032
128	1004.1329787500144	19.560832679271698	86.1883435100317	0.7004748582839966	0.7358663082122803
129	1010.9025627080118	19.743377149105072	88.89887356758118	0.7150843739509583	0.7370285987854004
130	1017.7471803330118	18.865309819579124	83.60335645079613	0.684839129447937	0.7085896730422974
131	1024.4997684580158	19.21959625184536	83.45637319982052	0.6838829517364502	0.7023293972015381
132	1031.268588042003	18.18632213026285	82.58113023638725	0.7207240462303162	0.7571224570274353
133	1038.07786304201	19.236419588327408	81.969721108675	0.7204101085662842	0.744753897190094
134	1044.866377917002	19.003560319542885	83.6741153895855	0.7239632606506348	0.7479724884033203
135	1051.9179482500185	18.55156698822975	82.57246738672256	0.7115674018859863	0.741797685623169
136	1058.6934263330186	19.2816763818264	86.03488630056381	0.7270938754081726	0.7509498596191406
137	1065.4626441670116	19.45372511446476	82.33110150694847	0.7299143075942993	0.7561238408088684
138	1072.2673502080142	18.648784518241882	80.6682615429163	0.7111256122589111	0.7408002614974976
139	1079.0802692500001	17.9942976385355	80.26871335506439	0.6816822290420532	0.7232509851455688
140	1085.8593599580054	18.72024017944932	79.54633855819702	0.7349435091018677	0.7534114122390747
141	1092.6185357920185	18.46594026684761	80.32675813138485	0.7283006906509399	0.7554335594177246
142	1099.4301637080207	17.792244851589203	79.00679260492325	0.713697075843811	0.7377089262008667
143	1106.285282583005	17.74206626508385	78.99903638660908	0.7199386358261108	0.7367799282073975
144	1113.2707687500224	18.18977154791355	79.50521416217089	0.7136009931564331	0.7477995157241821
145	1120.1369862499996	18.585676550865173	79.70004135370255	0.7291156053543091	0.7480666637420654
146	1126.9126803330146	18.431784942746162	79.1187603622675	0.7200843095779419	0.7515003085136414
147	1133.7213255000242	18.32756508886814	80.21357398480177	0.6660174131393433	0.6812300682067871
148	1140.5384814999998	18.415509555488825	78.72457771003246	0.7335621118545532	0.7458771467208862
149	1147.337689292006	20.184250950813293	87.48500728607178	0.7152689695358276	0.7492215037345886
150	1154.1324426670035	18.070942163467407	77.55120518803596	0.7284302711486816	0.7581570744514465
151	1160.926808875025	17.39410626888275	76.70582711696625	0.733477771282196	0.7638930678367615
152	1167.846224125009	18.456089794635773	76.71184553205967	0.7427487373352051	0.7651246786117554
153	1174.7635377499973	17.397719353437424	77.35371695458889	0.7168428301811218	0.7551609873771667
154	1181.55377150001	17.977681681513786	76.57576391100883	0.7080479860305786	0.7325518131256104
155	1188.3500467920094	17.507881175726652	76.74535492062569	0.7308312654495239	0.7456216216087341
156	1195.1412051250227	17.223270144313574	75.91915011405945	0.7317322492599487	0.7626829743385315
157	1201.9215871250199	17.715477541089058	77.22629977762699	0.7336997985839844	0.7577229738235474
158	1208.7353548330138	16.969977349042892	74.99429352581501	0.726725697517395	0.7569268941879272
159	1215.4939412920212	17.69362996518612	77.45986133813858	0.734269917011261	0.757696270942688
160	1222.3240161249996	16.904544353485107	73.53739641606808	0.7498166561126709	0.7744519710540771
161	1229.353733875003	18.2185045927763	75.8146702349186	0.7340039014816284	0.7647650837898254
162	1236.1577393750194	18.76735669374466	74.57379241287708	0.7297626733779907	0.7592876553535461
163	1242.8920110830222	18.538445755839348	75.64396707713604	0.7420445680618286	0.7622272968292236
164	1249.645847000007	16.67513680458069	75.73513762652874	0.7206129431724548	0.7620930671691895
165	1256.450299832999	17.100937915965915	74.55244229733944	0.722308874130249	0.7645119428634644
166	1263.2311629580217	17.06911062449217	73.90181009471416	0.7345960140228271	0.7645606994628906
167	1270.0344008750108	16.66010942310095	73.42994722723961	0.7543991804122925	0.7824883460998535
168	1276.790567582997	17.446209013462067	74.03225526213646	0.7383339405059814	0.7678447961807251
169	1283.5710413330235	17.183477520942688	74.59378200769424	0.7473875284194946	0.7796492576599121
170	1290.6006949580042	17.600912183523178	73.00850708782673	0.7366623878479004	0.7660781741142273
171	1297.3961027920013	16.767193352803588	72.94239130616188	0.7560862898826599	0.7811152338981628
172	1304.165641917003	16.30004421249032	71.38706348836422	0.7431292533874512	0.7731000781059265
173	1310.960877083009	16.060707649216056	72.1008510440588	0.74181067943573	0.7744846343994141
174	1317.739064583002	16.879108771681786	73.14680421352386	0.7413747906684875	0.7816762328147888
175	1324.461957667023	16.865273921750486	70.97991997748613	0.748938798904419	0.769091010093689
176	1331.2670637920091	16.406061470508575	71.85164333879948	0.744401216506958	0.777968168258667
177	1338.013693417015	16.346972450613976	71.2824116051197	0.7619636654853821	0.7887122631072998
178	1344.7896141250094	16.303489193320274	71.58675214648247	0.7595237493515015	0.7861176133155823
179	1351.9288957920216	16.44548213481903	71.43681563436985	0.7507039904594421	0.7853814363479614
180	1358.6762601250084	17.432161450386047	71.33449977636337	0.7540303468704224	0.7830069065093994
181	1365.4255479170242	16.183685958385468	70.46783462166786	0.7510461211204529	0.7791820764541626
182	1372.1708424579992	16.524138055741787	70.9729513823986	0.7602357864379883	0.7839305996894836
183	1378.935941292002	17.629268050193787	70.36958430707455	0.7396994829177856	0.7683411240577698
184	1385.6985219580238	16.86318051815033	69.82166361808777	0.7584033012390137	0.7861791253089905
185	1392.4495882920164	17.57805335521698	70.76961751282215	0.7587787508964539	0.7859649062156677
186	1399.236587708001	16.883456826210022	71.46193538606167	0.7565792798995972	0.7893775105476379
187	1406.0313903330243	16.017735481262207	69.34227403998375	0.7520118951797485	0.7867269515991211
188	1413.0359036670125	15.923349976539612	69.45953772217035	0.7345461249351501	0.772503137588501
189	1419.7919388330192	16.628752671182156	68.49666345119476	0.757379949092865	0.7931767106056213
190	1426.5546066670213	16.091832041740417	69.2929937839508	0.7558256983757019	0.7920014262199402
191	1433.5443149580096	16.146822921931744	68.5582345277071	0.7623567581176758	0.7956568002700806
192	1440.3882182500092	16.25415587425232	69.04558476805687	0.7575936913490295	0.7973310947418213
193	1447.4298930000223	16.521107494831085	68.52155877649784	0.7525503635406494	0.7806179523468018
194	1455.036782625015	16.076303526759148	68.22006469964981	0.7453280687332153	0.7833235263824463
195	1463.1791290000256	16.710808843374252	68.35097952187061	0.7648311853408813	0.7988457083702087
196	1470.8826260420028	16.212476789951324	68.33030413091183	0.7666259407997131	0.7929448485374451
197	1478.313052375015	16.968955248594284	68.70507855713367	0.7615776062011719	0.7922378778457642
198	1485.4365617080184	15.4948560744524	67.08388441801071	0.7631149888038635	0.7937667965888977
199	1493.2581707500212	16.26735481619835	68.09430803358555	0.7590962052345276	0.7812957167625427
200	1500.4795034580166	15.684487506747246	67.57959488034248	0.7603275775909424	0.7992497682571411
201	1508.2641991670243	16.14662827551365	65.88113304972649	0.7636964917182922	0.796078622341156
202	1515.301471417013	15.431936152279377	66.3365291506052	0.7698474526405334	0.7938613891601562
203	1522.924354583025	15.167132437229156	66.30970148742199	0.7596510052680969	0.7833148837089539
204	1529.7141469170165	16.364802062511444	68.74097115546465	0.7578209638595581	0.7947261333465576
205	1537.5446658750006	15.340076178312302	65.86624711751938	0.7568703889846802	0.7800348997116089
206	1544.5257732080063	15.750569522380829	67.3367151170969	0.7579123973846436	0.795791506767273
207	1551.6428319580154	15.800736233592033	66.94184114038944	0.7657334804534912	0.7900598645210266
208	1559.2892385000014	15.71841475367546	66.38047976791859	0.7670226693153381	0.795383632183075
209	1568.5569300420175	15.196654617786407	65.8287936002016	0.7750612497329712	0.8054712414741516
210	1577.1277100830048	15.883790895342827	64.58582563698292	0.7724617123603821	0.8047229647636414
211	1584.1291506249981	14.95844866335392	65.36034978926182	0.7685377597808838	0.7955944538116455
212	1591.271583499998	15.272515265271068	65.00942751765251	0.7654169201850891	0.8015269637107849
213	1599.3184437080054	15.396393045783043	65.10551409423351	0.7695719599723816	0.7930710315704346
214	1607.2907722500095	15.051985040307045	64.82395201921463	0.769514799118042	0.7899243831634521
215	1616.9697455830174	15.199335426092148	65.01367002725601	0.7757173776626587	0.8103983402252197
216	1624.3616032499995	15.386305049061775	64.96889793872833	0.7719873785972595	0.7963136434555054
217	1631.1526232500037	15.082830116152763	64.7797740995884	0.7671779990196228	0.7998449802398682
218	1638.292404042004	15.224002942442894	65.20948649942875	0.7653078436851501	0.8037726283073425
219	1645.7201816250163	15.455959379673004	63.96552176773548	0.7825440764427185	0.8062344789505005
220	1652.9349376250175	14.833222046494484	63.84557285904884	0.7784369587898254	0.8108344078063965
221	1660.0046208330023	15.048430144786835	63.549455776810646	0.7628650069236755	0.8034796714782715
222	1667.2246487920056	17.29654136300087	64.43803243339062	0.7761518955230713	0.8079168200492859
223	1674.276204542024	15.156607136130333	63.93555627763271	0.7683577537536621	0.8056339621543884
224	1681.3806702080183	15.119179904460907	63.326281145215034	0.7756733298301697	0.810227632522583
225	1688.6885922920192	14.754277093335986	63.547464318573475	0.7840083837509155	0.811119556427002
226	1695.6751618749986	14.636303554289043	62.9545423835516	0.7736719250679016	0.8065627813339233
227	1703.089582250017	14.991857126355171	63.46997479349375	0.7779781818389893	0.8002933263778687
228	1710.9002980000223	15.098705157637596	63.09268459677696	0.7840563058853149	0.808358907699585
229	1717.9766381670197	14.537340000271797	62.967191115021706	0.7733229994773865	0.8074066042900085
230	1725.1959895000036	14.872400678694248	62.61287094652653	0.7839493155479431	0.8123106956481934
231	1734.2860221670126	14.453491322696209	62.475955843925476	0.7768108248710632	0.8119856119155884
232	1741.9788360420207	15.159067407250404	61.94227881729603	0.7943620681762695	0.8179161548614502
233	1748.9523921670043	14.668723195791245	62.5862555205822	0.7758423089981079	0.8074795603752136
234	1756.0637250000145	15.395266756415367	62.598950773477554	0.7765162587165833	0.8114144802093506
235	1763.078108250018	15.576111897826195	62.71537660807371	0.780021071434021	0.8149043917655945
236	1770.4188597080065	15.858403474092484	62.640086844563484	0.7756965160369873	0.8088392019271851
237	1777.7331548750226	14.555684074759483	62.36137115955353	0.7848118543624878	0.8220853805541992
238	1785.3498841670225	15.295097172260284	62.676254495978355	0.7823486328125	0.8131150007247925
239	1792.7197482080082	14.60051566362381	61.1795175075531	0.7795922160148621	0.816082239151001
240	1799.6903260000108	14.356360725418199	60.93503677845001	0.782172441482544	0.815525233745575
241	1806.9766335830209	14.747095584869385	60.847519397735596	0.7851083278656006	0.8135979771614075
242	1814.134346042003	14.69891831278801	61.20280139148235	0.7911995053291321	0.8200016617774963
243	1820.8932528750156	14.21330526843667	60.69843456149101	0.778073787689209	0.8073906302452087
244	1828.1199654579978	14.506120353937149	61.68983206152916	0.7868235111236572	0.8134815692901611
245	1834.910193333024	14.232160594314337	60.36208717525005	0.7805158495903015	0.8174580335617065
246	1841.8002370000177	14.544183894991875	60.319419115781784	0.7897804379463196	0.8104959726333618
247	1848.7468418750213	14.131624048575759	60.71933530271053	0.7687959671020508	0.8098909854888916
248	1856.4789638330112	14.575070101767778	59.97002353519201	0.7927285432815552	0.824116587638855
249	1865.0506201670214	14.807145163416862	60.69418329000473	0.7788769006729126	0.8159313797950745
250	1874.4797454580257	14.30238608457148	60.338333413004875	0.7623515129089355	0.7967181205749512
251	1882.1265590420226	14.750119537115097	59.73718153685331	0.7854926586151123	0.8187323808670044
252	1889.9785493329982	14.32760359114036	59.903705671429634	0.7835744023323059	0.8025619983673096
253	1897.3468508330116	14.6436298340559	60.16230084002018	0.7925158143043518	0.8191908597946167
254	1905.2159369169967	14.252871289849281	60.18494990468025	0.7919340133666992	0.8231872320175171
255	1912.6992562920204	14.333246055990458	60.05848576128483	0.783011794090271	0.8221298456192017
256	1919.968040208012	14.161892674863338	59.55962610244751	0.7949661016464233	0.8252418637275696
257	1927.0319070420228	14.117915406823158	59.403919361531734	0.7866051197052002	0.817848801612854
258	1934.1984435420018	14.292422041296959	59.756881795823574	0.7873985767364502	0.8205139636993408
259	1941.4632525420166	14.031926445662975	59.59432551264763	0.7938965559005737	0.8183385133743286
260	1948.9984724580136	13.921407019719481	58.77803064882755	0.7927594780921936	0.8175439238548279
261	1957.4781788330001	13.888049311935902	58.614045441150665	0.7956624031066895	0.8239191770553589
262	1965.348482958012	14.054622292518616	59.13772378861904	0.7968447804450989	0.8208709359169006
263	1973.653948332998	14.086313501000404	58.969083070755005	0.7867760062217712	0.8038527965545654
264	1981.5768412920006	14.071208387613297	59.099976539611816	0.7898139953613281	0.8239246606826782
265	1990.7912913750042	14.047706186771393	58.37407457828522	0.7937973141670227	0.8130441308021545
266	1998.3965092920116	13.584017058834434	58.75303663313389	0.7849434614181519	0.817829966545105
267	2005.7267892500095	13.97388214059174	58.874112367630005	0.7942765951156616	0.8242495059967041
268	2013.0487437920237	14.19977493584156	58.9356913715601	0.7973251342773438	0.8257576823234558
269	2020.0861704999988	13.653768107295036	59.662721030414104	0.7943506240844727	0.8218380808830261
270	2027.229320125014	13.77954863011837	58.59309537708759	0.7920966148376465	0.8143004179000854
271	2034.332111833006	13.668258778750896	57.542253226041794	0.7918464541435242	0.8228232860565186
272	2041.2329783330206	13.874235332012177	57.785277634859085	0.7918096780776978	0.8210761547088623
273	2048.5695459170092	14.011586636304855	58.02497446537018	0.7907494902610779	0.8207221627235413
274	2056.4286123750207	13.876657083630562	57.59966976940632	0.7929925918579102	0.8207003474235535
275	2063.8230429580144	13.7105714448262	58.13183034956455	0.7918437719345093	0.827070415019989
276	2072.058916250011	13.8808981962502	57.78900922834873	0.80271315574646	0.8266220092773438
277	2080.4787573330104	13.649769023060799	58.09485587477684	0.7983400821685791	0.8275182247161865
278	2091.9436399580154	13.60697201360017	58.01420272886753	0.79737389087677	0.823371410369873
279	2099.348470124998	14.373638555407524	58.222486674785614	0.7964693903923035	0.821837306022644
280	2106.4656287080143	13.61875345557928	57.651397444307804	0.8036704659461975	0.8259211182594299
281	2113.3692245830025	13.503552563488483	56.64608654379845	0.7931944131851196	0.8209007978439331
282	2120.401958708011	14.942062243819237	57.784679278731346	0.7961809635162354	0.8165613412857056
283	2127.260945167014	13.355279840528965	57.09604734182358	0.8018336892127991	0.8255344033241272
284	2134.280790083023	13.437913160654716	56.91378130763769	0.7968473434448242	0.8242411017417908
285	2141.4891305000056	13.930958908051252	57.45538729429245	0.805910050868988	0.8305513858795166
286	2148.4420909170003	13.830197557806969	57.43456740677357	0.801946759223938	0.8271797895431519
287	2155.5323486670095	13.383630245923996	56.75105383992195	0.8029370903968811	0.8274523019790649
288	2162.578558500012	13.43765914440155	57.3502102047205	0.791641116142273	0.8219853639602661
289	2169.5464357500023	13.833168432116508	56.90822261571884	0.7928017377853394	0.8261675834655762
290	2176.476458333025	13.533773619681597	57.12185734510422	0.8046203255653381	0.8313133716583252
291	2183.378740917018	13.752220958471298	56.45741739869118	0.8046278953552246	0.8291612267494202
292	2190.2839140420256	13.673611640930176	56.69446951895952	0.8029730916023254	0.828056812286377
293	2197.706228750001	14.106284156441689	56.960038140416145	0.8038486242294312	0.8229820728302002
294	2204.569275832997	13.64610330760479	56.91951601207256	0.8042094111442566	0.8293717503547668
295	2211.5016948750126	14.248924165964127	56.71536114811897	0.8058307766914368	0.8305294513702393
296	2218.3730530420144	14.153682485222816	57.26139718294144	0.8042301535606384	0.8256622552871704
297	2225.2038946670073	13.17867198586464	56.7602361664176	0.804972231388092	0.8300711512565613
298	2232.0284086250176	13.571042597293854	56.378496795892715	0.8018050193786621	0.8277994394302368
299	2238.888463667012	13.886927768588066	57.14578337222338	0.804948091506958	0.8311682343482971
300	2245.747906500008	13.472828090190887	55.940253518521786	0.8075830936431885	0.8308299779891968
301	2252.6355299170245	13.668369144201279	56.275318183004856	0.8045770525932312	0.8295575380325317
302	2260.0910736670194	13.320522651076317	55.70719011127949	0.8009454011917114	0.8287478685379028
303	2266.933634792018	14.054169058799744	55.7964106798172	0.8017165064811707	0.82443767786026
304	2273.8953781250166	13.69044417142868	55.91510170698166	0.8009351491928101	0.8294626474380493
305	2280.75186608301	13.289317958056927	55.619409918785095	0.8087271451950073	0.8320887088775635
306	2287.578559708025	13.349738702178001	56.107268303632736	0.8110669255256653	0.8322064280509949
307	2294.4645084170043	12.970241617411375	56.536618784070015	0.8038244247436523	0.8330066204071045
308	2301.331885167019	13.227698311209679	56.58482050895691	0.8078005313873291	0.8312069773674011
309	2308.159317958023	13.156469956040382	55.54056663811207	0.8006647229194641	0.8308777809143066
310	2315.325479167019	13.50636076927185	55.43323065340519	0.8095742464065552	0.8347439169883728
311	2322.2858666670218	13.14612539857626	55.414440885186195	0.8114034533500671	0.8290066719055176
312	2329.202084083023	12.935097746551037	55.284669041633606	0.8077858686447144	0.8333970904350281
313	2336.08255237501	13.053498886525631	55.1630645096302	0.8046768307685852	0.8248092532157898
314	2342.899603375001	13.172034785151482	55.246444672346115	0.8059055805206299	0.8282837867736816
315	2349.760165875021	12.968717202544212	55.173372000455856	0.8032270669937134	0.8328825235366821
316	2356.869092417008	13.27184772491455	55.596264377236366	0.8033106327056885	0.8316215872764587
317	2363.7172022500017	13.16061613970669	55.4641892388463	0.8027156591415405	0.8304740190505981
318	2370.5632555000193	13.089111745357513	55.42636027932167	0.8097116947174072	0.8339337110519409
319	2377.8604452500003	13.188524067401886	55.139257684350014	0.8061779141426086	0.834435760974884
320	2384.726833916997	13.476968809962273	55.074711456894875	0.8152007460594177	0.8312586545944214
321	2391.571381625021	13.474330738186836	55.221928820014	0.809877872467041	0.8339920043945312
322	2398.615311792004	12.954544641077518	54.67684780806303	0.807774007320404	0.8325332403182983
323	2405.524101750023	13.108634926378727	55.07152395695448	0.8146606683731079	0.8372169733047485
324	2412.411762042	12.977887444198132	54.96489541232586	0.812860369682312	0.8373912572860718
325	2419.228835875023	13.04003655910492	55.13302183151245	0.8129536509513855	0.836345911026001
326	2426.062393500004	12.932639576494694	54.78906925022602	0.8120155334472656	0.8380292057991028
327	2432.970974583004	13.602515891194344	54.82875330746174	0.8164578676223755	0.8389284610748291
328	2440.1935976670065	13.213696256279945	54.98088226467371	0.8087758421897888	0.8349538445472717
329	2447.073523416999	13.03625176846981	54.43362718820572	0.8122370839118958	0.8348438739776611
330	2453.9215048750048	12.884532550349832	54.47251167148352	0.8086953163146973	0.8335222005844116
331	2460.817264250014	13.582927748560905	55.20857705920935	0.8140729665756226	0.8355562686920166
332	2467.657432125008	13.651705399155617	54.59182145446539	0.8100249171257019	0.8374248743057251
333	2474.4913148330234	12.957603469491005	54.34075962007046	0.8102930188179016	0.833275318145752
334	2481.338668167009	12.790893793106079	54.435416758060455	0.8065447807312012	0.8336820602416992
335	2488.177766458015	13.078303396701813	54.083040080964565	0.8154497146606445	0.834309458732605
336	2495.255331624998	12.759491920471191	54.218442142009735	0.8117008209228516	0.8362305164337158
337	2502.2213417080056	13.061502411961555	54.757853373885155	0.8124015927314758	0.8352065086364746
338	2509.09993895801	13.009914517402649	54.37704277038574	0.8136406540870667	0.8368021249771118
339	2515.9754566250194	12.90598885435611	54.41517236828804	0.8101609945297241	0.8328849077224731
340	2522.7916152500256	12.766456604003906	53.89351584017277	0.8143496513366699	0.8365251421928406
341	2529.61747162501	12.707794234156609	54.154876947402954	0.8166788816452026	0.8382992744445801
342	2536.489200458018	12.6792859621346	53.83404000848532	0.8133398294448853	0.8364046216011047
343	2543.407258708001	12.696645176038146	53.97427473962307	0.8136844635009766	0.8355225920677185
344	2550.288486125006	12.966764524579048	53.735202342271805	0.8153292536735535	0.8382844924926758
345	2557.5141830830253	12.9996886998415	53.77410200983286	0.8174283504486084	0.8390547037124634
346	2564.5974760829995	12.747550752013922	54.0135732293129	0.818240761756897	0.836633026599884
347	2571.6638066669984	12.728522673249245	53.93615637719631	0.8160040974617004	0.8342333436012268
348	2578.566272833006	13.59834399819374	54.305806905031204	0.8132275938987732	0.8316760063171387
349	2585.452620625001	12.809048622846603	53.83272270858288	0.8161427974700928	0.8373879194259644
350	2592.3369541670254	13.00546944141388	53.730129070580006	0.8158361911773682	0.8332474231719971
351	2599.2135415000084	12.78538690507412	53.71590105444193	0.8109535574913025	0.8355973958969116
352	2606.0380381670257	12.87210913002491	53.30460786819458	0.8173694610595703	0.8380092978477478
353	2613.034189291997	14.05869935452938	54.121248461306095	0.8186488151550293	0.8389695882797241
354	2620.2016027500213	13.208211779594421	53.64382857084274	0.8184868097305298	0.837191104888916
355	2627.071129167016	12.878692135214806	53.64603837579489	0.8189292550086975	0.8405357599258423
356	2634.054881500022	12.58130258321762	53.51579612493515	0.8173669576644897	0.8345442414283752
357	2640.95753283301	12.536544777452946	53.18173488974571	0.8193078637123108	0.8420721888542175
358	2647.800066458003	12.780170287936926	53.67860268056393	0.816647469997406	0.8371990919113159
359	2654.74659145801	12.65392705053091	53.431756898760796	0.8195562362670898	0.8413468599319458
360	2661.697118583019	12.61822577379644	53.01897735148668	0.81797856092453	0.8394873142242432
361	2668.6439202080073	12.5799865052104	53.44653423130512	0.8166688680648804	0.839016854763031
362	2675.84634787502	12.672723472118378	53.241188161075115	0.81634521484375	0.836900532245636
363	2682.8350105420104	12.611586600542068	53.13600218296051	0.8192509412765503	0.8390014171600342
364	2689.810086875019	12.531407826580107	53.194771476089954	0.8147804737091064	0.8378479480743408
365	2696.770169333002	12.816777423024178	53.233118921518326	0.814504861831665	0.8367362022399902
366	2704.2305045830144	12.614405751228333	53.34398636221886	0.8181285858154297	0.8403835296630859
367	2711.1405198750144	12.708552330732346	52.97107595950365	0.8178761005401611	0.8399375677108765
368	2718.2098870000045	13.446749344468117	53.638872526586056	0.8174161911010742	0.8373131155967712
369	2726.9124719579995	13.486753448843956	53.4231691211462	0.8128529191017151	0.8378040790557861
370	2734.08175916702	12.724670924246311	52.9128370732069	0.8197575807571411	0.8392585515975952
371	2740.7331455830135	12.831466168165207	53.135733015835285	0.8188977241516113	0.8375545144081116
372	2747.3397317500203	12.814927697181702	52.81719849258661	0.8203880190849304	0.8400468826293945
373	2754.0007482500223	12.578735366463661	53.04229775816202	0.8212357759475708	0.83867347240448
374	2760.662575333001	12.889008730649948	53.1252580806613	0.821966826915741	0.8401108980178833
375	2767.4367690829968	13.176026985049248	53.19427531957626	0.8218473792076111	0.8383785486221313
376	2774.2620491250127	12.673143163323402	52.808565117418766	0.8204889297485352	0.8376981019973755
377	2781.222414208023	12.51068639755249	52.89132632315159	0.821049690246582	0.8388906121253967
378	2788.500729250023	12.559168949723244	52.72911985963583	0.8172870874404907	0.8349156379699707
379	2796.0200167919975	12.737167298793793	52.727397955954075	0.8203530311584473	0.8388186693191528
380	2802.685048375017	12.448947467841208	52.47978717088699	0.8226066827774048	0.8396844863891602
381	2809.6251122920075	12.599037408828735	52.709976598620415	0.8209737539291382	0.8377488851547241
382	2818.2962879580155	12.56525120139122	52.516338892281055	0.8236271142959595	0.8394358158111572
383	2826.646344375011	12.41459440626204	52.628136336803436	0.8219066858291626	0.8391507267951965
384	2833.9238535420154	12.689959987998009	52.62527649849653	0.8200557231903076	0.8399558663368225
385	2841.39688450002	12.519616797566414	52.86119931936264	0.8250780701637268	0.841349720954895
386	2848.876032500004	13.12273345887661	52.731837041676044	0.8212777972221375	0.8381755948066711
387	2856.332978042017	12.332727812230587	52.56935113668442	0.8206849694252014	0.8408015966415405
388	2863.0961212920083	12.849705830216408	52.78884145617485	0.8246477842330933	0.8406124114990234
389	2872.852780917019	12.577428415417671	52.43618630617857	0.8207879662513733	0.839577853679657
390	2881.1701488750114	12.43384264409542	52.42915143817663	0.8197019696235657	0.8403123021125793
391	2889.0088410000026	12.554396882653236	52.40991511940956	0.8224363923072815	0.8392369747161865
392	2896.8750042080064	12.75241419672966	52.40412498265505	0.8232827186584473	0.8399724960327148
393	2904.527055417013	12.32059545814991	52.39652220159769	0.8218979835510254	0.8389269113540649
394	2911.877680833015	12.300034584477544	52.29314124584198	0.8237398862838745	0.8401808142662048
395	2919.12184800001	12.490504786372185	52.328975938260555	0.8190996050834656	0.837239146232605
396	2926.134942125005	12.581067323684692	52.38084529340267	0.8236535787582397	0.8418667316436768
397	2933.3131769169995	12.43308275938034	52.442216627299786	0.8214098215103149	0.8417766094207764
398	2940.262884292024	12.47914245724678	52.28820300102234	0.8230530023574829	0.8403812646865845
399	2947.079055750015	12.52439932525158	52.61026330292225	0.8243181705474854	0.8403107523918152
400	2953.7747178749996	12.319916792213917	52.298115968704224	0.8229355216026306	0.8413107991218567
401	2960.5084032500163	12.784718930721283	52.2666007950902	0.8171859979629517	0.8398797512054443
402	2967.2070647080254	12.602566286921501	52.15297773480415	0.8234257698059082	0.8411971926689148
403	2974.507975500019	12.617268308997154	52.09340436756611	0.8245697617530823	0.8418037295341492
404	2981.7918406250246	14.556964054703712	52.267842419445515	0.8230425715446472	0.8413664698600769
405	2989.025121792016	12.26905264519155	52.01993131637573	0.8227076530456543	0.839725911617279
406	2996.30208004202	12.32855355925858	52.177255034446716	0.8193721771240234	0.8391032218933105
407	3003.5048487080203	12.470912113785744	52.17618561536074	0.8214099407196045	0.8407265543937683
408	3010.452830082999	12.742198318243027	52.058540880680084	0.8233045935630798	0.8410876989364624
409	3017.501884792	12.441580414772034	52.07055941224098	0.8236823081970215	0.839941143989563
410	3025.8719621670025	12.305684104561806	51.86187609285116	0.8233758211135864	0.8389660716056824
411	3033.6847339170054	12.247971901670098	51.78020004183054	0.8253476619720459	0.8419772982597351
412	3040.8968399580044	12.99540913105011	51.731220200657845	0.823999285697937	0.8436077237129211
413	3047.6462455830188	13.203377157449722	52.096981808543205	0.8246376514434814	0.8415560722351074
414	3054.3784006670176	12.274460211396217	51.94698441028595	0.8233156204223633	0.8407349586486816
415	3061.1147004580125	12.45508986711502	51.8822215795517	0.8248474597930908	0.8400896191596985
416	3067.802770875016	12.396769866347313	52.04774625599384	0.8252942562103271	0.840979278087616
417	3074.543058542011	12.196620039641857	51.918809585273266	0.8264531493186951	0.842052698135376
418	3081.3153033330163	13.184039950370789	51.98111084848642	0.825006365776062	0.842399537563324
419	3088.175643417024	12.627677649259567	51.89400362223387	0.8247227668762207	0.8421416282653809
420	3095.500563083013	12.209468502551317	51.758124485611916	0.8252923488616943	0.8395630717277527
421	3102.2661108330067	12.170408588834107	51.58547984063625	0.8245525360107422	0.8420443534851074
422	3108.9933525829983	12.976914286613464	51.59999839961529	0.8250944018363953	0.841130793094635
423	3115.7966073330026	12.123395253904164	51.79140495508909	0.8251489400863647	0.8393765687942505
424	3122.4534454170207	12.466665580868721	51.85565649718046	0.8256196975708008	0.8415946960449219
425	3129.17305308301	12.374405056238174	51.79028417915106	0.8273141384124756	0.8411704301834106
426	3136.045823749999	12.210621289908886	51.562160931527615	0.8233315348625183	0.8422127962112427
427	3142.786580667016	12.280082635581493	51.431813053786755	0.8257516026496887	0.8436422348022461
428	3149.5183530830254	12.405327960848808	51.46809630841017	0.8254591226577759	0.8431790471076965
429	3157.0460092500143	12.506223067641258	51.642424896359444	0.8255106210708618	0.8414051532745361
430	3163.766810375004	12.263920426368713	51.56332202255726	0.8258277177810669	0.8415217399597168
431	3170.527717707999	12.158756602555513	51.72080796957016	0.8259896636009216	0.8430880308151245
432	3177.320739583025	12.22468788921833	51.64383389055729	0.8253560662269592	0.8415289521217346
433	3184.041936292022	12.274421781301498	51.70278950035572	0.8254343271255493	0.8424717783927917
434	3190.716312417004	12.345320962369442	51.49163118749857	0.8258845806121826	0.8431178331375122
435	3197.389865917008	12.340684041380882	51.588459841907024	0.8249274492263794	0.8425273895263672
436	3204.203427917004	12.238983809947968	51.422437496483326	0.8253967761993408	0.8428804874420166
437	3211.263332708011	12.256795898079872	51.60343410819769	0.8267354965209961	0.8424524664878845
438	3218.3756262079987	12.1035759979859	51.538948990404606	0.8266357183456421	0.8435362577438354
439	3225.0621835420025	12.362371519207954	51.5936598405242	0.8262176513671875	0.8433074355125427
440	3231.8106335830234	12.631481677293777	51.67867839336395	0.8264522552490234	0.8414282202720642
441	3238.498289292009	12.323943093419075	51.415092661976814	0.8268716931343079	0.8433877229690552
442	3245.1684090830095	12.218359410762787	51.38369684666395	0.8263483047485352	0.8431657552719116
443	3251.8225087920146	12.12021925020963	51.50196269154549	0.8265060782432556	0.8426948189735413
444	3258.570232625003	12.429483845829964	51.384963884949684	0.8258805274963379	0.8434863686561584
445	3265.3387743330095	12.584855481982231	51.37543559074402	0.8271695375442505	0.8430642485618591
446	3272.354659875011	12.860409274697304	51.24311861395836	0.8262543678283691	0.8434230089187622
447	3279.2837575830054	12.456371441483498	51.18571339547634	0.827651858329773	0.8433403372764587
448	3286.0810419580084	15.113377749919891	51.31736467033625	0.8279948830604553	0.8430664539337158
449	3292.85631475001	12.066517900675535	51.45489377528429	0.8266816139221191	0.8427789211273193
450	3299.643165000016	12.966042652726173	51.20596004277468	0.8271092176437378	0.843314528465271
451	3306.406109542004	12.182342678308487	51.40151508897543	0.8274478316307068	0.8427921533584595
452	3313.172500125016	12.12773947417736	51.43761170655489	0.828126072883606	0.8421145677566528
453	3319.996020667022	12.028173930943012	51.14710009843111	0.8267179727554321	0.8432716131210327
454	3326.9992284170003	12.031324256386142	51.072955794632435	0.8285507559776306	0.8429551720619202
455	3334.293775042024	12.056024700403214	51.31826698035002	0.8274667263031006	0.8437818288803101
456	3341.1163435830094	12.267290756106377	51.16942071914673	0.8259615302085876	0.8425247669219971
457	3349.786692958005	12.238954104483128	51.147961258888245	0.82781583070755	0.843346357345581
458	3357.7842300830234	12.306597545742989	51.16617152094841	0.8278321027755737	0.8439351916313171
459	3365.0937802920234	12.806269884109497	51.24400620162487	0.8263512253761292	0.8436434268951416
460	3372.021453125024	12.106054157018661	51.0408241301775	0.8274891376495361	0.8429226875305176
461	3379.0878554170195	12.237051084637642	51.155008144676685	0.828805685043335	0.8432700634002686
462	3386.571870542015	12.12989217042923	50.97658070921898	0.8283072710037231	0.8436591625213623
463	3394.2312646250066	12.130308240652084	50.93475843220949	0.8277103900909424	0.8437164425849915
464	3401.4414439170214	12.08671236038208	51.005091689527035	0.8286287784576416	0.8439013361930847
465	3408.3560374170193	12.244307562708855	51.09474786370993	0.8278023600578308	0.8435265421867371
466	3415.838516375021	12.15699328482151	51.11502415686846	0.8277746438980103	0.8432948589324951
467	3422.702015832998	12.053897693753242	50.95276726782322	0.8281017541885376	0.8436585664749146
468	3429.878513500007	12.378648594021797	51.00703790038824	0.8285943269729614	0.8419959545135498
469	3437.0899709580117	12.31555712223053	50.9378952011466	0.8273903131484985	0.8431828022003174
470	3444.223660208023	12.234098091721535	51.0690178796649	0.828748881816864	0.8432165384292603
471	3454.4497963750036	12.200046390295029	51.02000842988491	0.8281587362289429	0.8437851667404175
472	3461.5096829580143	12.23501206934452	51.105796471238136	0.8292452096939087	0.8440499305725098
473	3468.8026619169977	12.135475039482117	50.98165702074766	0.8287054300308228	0.8435717225074768
474	3475.8853505830048	12.122991308569908	50.87608648836613	0.8284146189689636	0.8434255719184875
475	3483.5583768750075	12.144405886530876	50.98841591924429	0.8289248943328857	0.843620240688324
476	3490.796543583012	12.518396720290184	50.96103177964687	0.8279983997344971	0.8431416153907776
477	3497.9731832500256	13.287859216332436	51.13503856211901	0.8285986185073853	0.8434239625930786
478	3505.6399255420256	11.977045390754938	50.89470972120762	0.829646646976471	0.8436267971992493
479	3513.1457976670063	12.029101945459843	51.01010738313198	0.8282457590103149	0.8437641859054565
480	3519.9857168330054	12.132595613598824	50.89420945942402	0.8295411467552185	0.8437389135360718
481	3527.5204165420146	12.718015238642693	51.00342869758606	0.8293116688728333	0.8444115519523621
482	3535.7994182920083	12.258206278085709	50.94761250168085	0.8294581770896912	0.8436928987503052
483	3542.8426828750235	12.32187569141388	50.90371245145798	0.8301526308059692	0.8440630435943604
484	3549.7789196670055	12.118998661637306	50.892493046820164	0.8291525840759277	0.8439652323722839
485	3556.748293667013	12.175517655909061	50.72677194327116	0.8292450904846191	0.8439479470252991
486	3563.6908010420157	12.098684072494507	50.82579501718283	0.8279871940612793	0.8438621759414673
487	3570.766348083009	12.031133356504142	50.79713121801615	0.8296853303909302	0.8438982963562012
488	3578.005578375014	12.113395415246487	50.74463523924351	0.8290641903877258	0.8432501554489136
489	3584.820738167007	12.893897041678429	50.77405506372452	0.8302252292633057	0.8435801267623901
490	3591.5863878329983	11.971760787069798	50.68673953413963	0.8295881748199463	0.8438131213188171
491	3598.326896625018	12.024946313351393	50.80628351122141	0.8298381567001343	0.843741238117218
492	3605.072532208025	12.0508421510458	50.73972703516483	0.8292450308799744	0.8443481922149658
493	3611.857397958025	12.100787073373795	50.7921347618103	0.8301399946212769	0.8437325954437256
494	3618.5858934580174	12.095552437007427	50.97746963799	0.8293834924697876	0.8445622324943542
495	3625.4968950420152	12.02381345629692	50.67948801070452	0.828487753868103	0.8437683582305908
496	3632.967834583018	12.616905853152275	50.74645113199949	0.8289296627044678	0.8440200090408325
497	3640.297108583007	12.044421441853046	50.80821366608143	0.8292225003242493	0.8442891240119934
498	3647.191855125013	11.99561908422038	50.742286428809166	0.8298215866088867	0.8439152240753174
499	3654.1848379580188	12.073779687285423	50.610357373952866	0.8278892040252686	0.843691349029541
500	3661.2963968330005	11.99443294480443	50.58178600668907	0.8295672535896301	0.8444445133209229
501	3668.8911567920004	12.30175432562828	50.709451630711555	0.8301666975021362	0.8447266221046448
502	3676.5727657500247	11.96543212607503	50.91433246433735	0.8295702934265137	0.8444110155105591
503	3683.5812650830194	11.979906886816025	50.61798898875713	0.8289822936058044	0.8441901206970215
504	3690.887995666999	12.976124845445156	50.73052483052015	0.8285708427429199	0.8436597585678101
505	3698.5159707500134	11.9502425622195	50.601117834448814	0.8304927945137024	0.844403088092804
506	3705.419065916998	12.521869644522667	50.59901773929596	0.8299688696861267	0.8438794612884521
507	3712.1787362920004	11.906684210058302	50.60898455232382	0.8291484117507935	0.8443058729171753
508	3718.9993092080113	12.132839918136597	50.62027132511139	0.8298957347869873	0.8439332842826843
509	3725.838862833014	11.90542957931757	50.71485860645771	0.8297562003135681	0.8438275456428528
510	3732.6734387920005	12.103693559765816	50.76224835216999	0.8306717872619629	0.8442222476005554
511	3739.521377708006	12.000919193029404	50.51597983390093	0.8305397033691406	0.844606339931488
512	3746.331653000001	12.310398414731026	50.48795156925917	0.8306927680969238	0.8441017866134644
513	3753.6480635830085	12.210028275847435	50.62737860530615	0.8300928473472595	0.8444262742996216
514	3760.7800298329967	11.994684286415577	50.67888083308935	0.8297638893127441	0.8443681001663208
515	3768.4123899580154	11.96576777100563	50.61049944907427	0.8287408947944641	0.8444796204566956
516	3775.475135542016	12.111987993121147	50.61446115374565	0.8304742574691772	0.8440613746643066
517	3782.97272637501	12.092805445194244	50.71401062607765	0.8298282623291016	0.8439121842384338
518	3790.197047250025	13.875156253576279	50.55272150039673	0.8303605318069458	0.8436322212219238
519	3798.1674274170073	12.00048242509365	50.69006398320198	0.8308383226394653	0.8439929485321045
520	3805.921265083016	12.002336733043194	50.5465085580945	0.8310335874557495	0.844428539276123
521	3813.8035793750023	12.015998475253582	50.47643016278744	0.8306186199188232	0.8438422679901123
522	3821.1758712920127	11.879291899502277	50.48206299543381	0.830386221408844	0.844131588935852
523	3828.5170582920255	13.311494186520576	50.76761317253113	0.8312035799026489	0.8444458842277527
524	3835.9981789580197	11.933354273438454	50.57122365385294	0.8305824995040894	0.8445793390274048
525	3843.275354625017	11.899496827274561	50.465636774897575	0.8315634727478027	0.8434774875640869
526	3850.5414220830135	12.058802857995033	50.605009734630585	0.8307458162307739	0.8441382050514221
527	3858.1181655000255	11.901109106838703	50.43846157938242	0.8296879529953003	0.8441343307495117
528	3865.738095208013	11.967813685536385	50.6061485260725	0.8307427167892456	0.8441859483718872
529	3873.500448208011	11.883616372942924	50.46781878173351	0.8306758403778076	0.8444055318832397
530	3880.8884914579976	11.98646605759859	50.42716121673584	0.8312715888023376	0.8436574935913086
531	3888.266991042008	12.022439859807491	50.49470476806164	0.8307095766067505	0.8440101742744446
532	3895.634274208016	12.130386412143707	50.39384055882692	0.8308295011520386	0.8444656133651733
533	3902.8802551249973	12.233188390731812	50.49915160238743	0.8304884433746338	0.8446758985519409
534	3910.2147817079967	11.968184858560562	50.43812879174948	0.8294721841812134	0.8443468809127808
535	3917.5908048330166	12.15924622118473	50.40587014704943	0.831718385219574	0.8447800278663635
536	3925.046572000021	12.523688197135925	50.36443708091974	0.8309599161148071	0.844458281993866
537	3932.8584484580206	12.070717230439186	50.367645904421806	0.8307120203971863	0.8445748090744019
538	3940.411247583019	12.227278307080269	50.44193021953106	0.8317046761512756	0.8450897932052612
539	3947.6897431250254	11.93011899292469	50.58753949403763	0.8312766551971436	0.8448209166526794
540	3955.0918386670237	13.861643269658089	50.47893676161766	0.8315991163253784	0.8448173403739929
541	3962.3889927080018	11.92260042577982	50.35120211541653	0.8305787444114685	0.8445396423339844
542	3969.7757263750245	11.880620084601105	50.418204225599766	0.8307931423187256	0.8443728089332581
543	3977.141076250002	11.956861168146133	50.43946787714958	0.8303353786468506	0.8446530103683472
544	3984.522550958005	12.441988348960876	50.44018018245697	0.8314633965492249	0.8444826006889343
545	3992.186285667005	11.926556333899498	50.43017714470625	0.8308374285697937	0.8446171283721924
546	3999.709893583	12.327959522604942	50.33781111985445	0.8305044174194336	0.844455361366272
547	4007.030156542023	11.946514174342155	50.37263148277998	0.8313932418823242	0.8448127508163452
548	4014.353771791997	12.59790714085102	50.42480640113354	0.8319490551948547	0.8446134328842163
549	4021.741274	12.144920989871025	50.3732725456357	0.8309815526008606	0.8449679613113403
550	4028.983778499998	11.931836917996407	50.333700597286224	0.8310906291007996	0.8445714712142944
551	4036.353568792023	12.412674531340599	50.33708456158638	0.8320498466491699	0.8447115421295166
552	4043.700975708023	11.881650540977716	50.45078968256712	0.8318864107131958	0.8447486162185669
553	4051.2132573749986	11.84604823216796	50.25157801806927	0.8318779468536377	0.8446789383888245
554	4058.8646832920203	11.857431445270777	50.424788534641266	0.8309471607208252	0.8448660373687744
555	4066.236458291998	12.134538561105728	50.35866301506758	0.8315890431404114	0.84479820728302
556	4073.5911975000054	13.185979902744293	50.28988096117973	0.83137446641922	0.84517902135849
557	4080.874893375003	11.984244965016842	50.29347789287567	0.8323859572410583	0.8445084095001221
558	4088.201961542014	12.493306800723076	50.293307572603226	0.8326617479324341	0.8448636531829834
559	4095.505069542007	13.575173676013947	50.28073858469725	0.8317066431045532	0.8449674844741821
560	4102.817361875001	11.862548314034939	50.32954001426697	0.8318461775779724	0.8445230722427368
561	4110.209350042016	11.992739535868168	50.281607925891876	0.832184374332428	0.8442198038101196
562	4117.888007250003	11.839292228221893	50.23159858584404	0.832234263420105	0.8442878723144531
563	4125.289838249999	11.834966156631708	50.45483595877886	0.8316655158996582	0.8447572588920593
564	4132.585920708021	12.0404072701931	50.29484944045544	0.8319299221038818	0.8440691232681274
565	4139.805729875021	12.964242666959763	50.266444742679596	0.8317567706108093	0.8449389934539795
566	4147.109898042021	11.81159567926079	50.2425666898489	0.8318106532096863	0.8449762463569641
567	4154.351353667007	11.841638370417058	50.210486233234406	0.8320162892341614	0.8448086380958557
568	4161.612037708022	12.117503061890602	50.23974013328552	0.8319748640060425	0.8449586629867554
569	4168.895439417014	11.94806843996048	50.2996664121747	0.8321723341941833	0.844566285610199
570	4176.8710562500055	11.803264944814146	50.31189803034067	0.8319352865219116	0.8446668386459351
571	4184.1715997920255	11.90199749916792	50.2323297932744	0.8313077092170715	0.8446806073188782
572	4191.493236833019	11.914610832929611	50.30441211163998	0.8318262100219727	0.8449691534042358
573	4198.803744917008	11.995714604854584	50.233155593276024	0.8320385813713074	0.844464898109436
574	4206.053040458006	12.02618145942688	50.225702829658985	0.831751823425293	0.8444912433624268
575	4213.352139875002	11.856236666440964	50.183299861848354	0.8322441577911377	0.8438942432403564
576	4220.675854833011	12.355033174157143	50.233931481838226	0.8320661187171936	0.8444337248802185
577	4228.084909917001	12.05705714225769	50.24652732163668	0.8316813707351685	0.844886302947998
578	4236.093907375005	11.826271664351225	50.27943108230829	0.8318497538566589	0.8449565768241882
579	4243.429035458015	11.867483124136925	50.29116076231003	0.8316230773925781	0.8448642492294312
580	4250.667093750002	12.06933407485485	50.158947840332985	0.8316238522529602	0.8449003100395203
581	4257.970725624997	12.091589286923409	50.20809818059206	0.8316208124160767	0.8451123833656311
582	4265.2303901250125	11.894096337258816	50.22496326267719	0.8322998285293579	0.8450048565864563
583	4272.614230167004	11.882961355149746	50.19749294966459	0.831676185131073	0.8448407053947449
584	4279.902691000025	12.115456908941269	50.16882864385843	0.8319445252418518	0.8448947668075562
585	4287.179531958012	11.9149831533432	50.168419636785984	0.8320285081863403	0.8446628451347351
586	4294.92948708302	12.24829389154911	50.12235443294048	0.8318338394165039	0.8447008728981018
587	4302.299597833015	11.825513545423746	50.12840797007084	0.8322656154632568	0.8445411324501038
588	4309.8682044580055	11.80367710441351	50.3040983825922	0.8315140008926392	0.8449310064315796
589	4317.144201542018	12.349099390208721	50.09616857767105	0.8313613533973694	0.844728410243988
590	4324.531615375017	12.023063346743584	50.12244392186403	0.8314477205276489	0.8447996377944946
591	4331.757560667	11.883112214505672	50.21243316680193	0.8319788575172424	0.8446812033653259
592	4339.067284917022	11.916785299777985	50.16452741622925	0.8320767879486084	0.8449059128761292
593	4346.409249958	12.353292524814606	50.134162567555904	0.8320954442024231	0.8448178768157959
594	4354.097763375001	11.866728395223618	50.242023050785065	0.8321673274040222	0.8449721932411194
595	4361.421094417019	11.815308788791299	50.101014748215675	0.8323932886123657	0.8449476957321167
596	4368.686630417011	11.808583656325936	50.081299766898155	0.8323968052864075	0.8448954820632935
597	4375.985765792022	11.968643009662628	50.13002052158117	0.832202672958374	0.8448677062988281
598	4383.275138583005	12.037139177322388	50.105702839791775	0.8317698240280151	0.8449732065200806
599	4390.513130792009	12.060555003583431	50.062227196991444	0.8321022987365723	0.8447467088699341
600	4397.754289042001	12.088442474603653	50.24992769956589	0.8319477438926697	0.8447918891906738
601	4405.0668481670145	11.842977363616228	50.231846779584885	0.8322460651397705	0.8448428511619568
602	4412.640276625025	13.168771535158157	50.193767592310905	0.832366943359375	0.8449661731719971
603	4420.585896375007	12.48068118095398	50.06427276879549	0.8323966264724731	0.8449831604957581
604	4427.908257250005	11.802338420879096	50.12185945361853	0.8322594165802002	0.8451359272003174
605	4435.317706208007	11.83550750091672	50.136034809052944	0.8321974873542786	0.8450337648391724
606	4442.555990624998	12.662687867879868	50.09308094531298	0.8320820927619934	0.8451970219612122
607	4449.81303816702	11.898635022342205	50.10115668177605	0.8325749635696411	0.8450474143028259
608	4457.085148750019	12.33560161292553	50.13454422354698	0.8327574133872986	0.8447443246841431
609	4464.366820000025	11.79072067514062	50.11226570606232	0.8323559761047363	0.8448718786239624
610	4471.939429208025	11.952006116509438	50.07418414950371	0.8323172330856323	0.8446115851402283
611	4479.446811458009	12.166721165180206	50.136927135288715	0.832111120223999	0.8448625802993774
612	4486.7962879580155	11.795484285801649	50.04258809238672	0.8323616981506348	0.844790518283844
613	4494.112252000021	12.086872786283493	50.11754011362791	0.8324160575866699	0.8449095487594604
614	4501.426407167019	11.789982337038964	50.05137737095356	0.8326075077056885	0.8449549078941345
615	4508.651522083004	12.019746944308281	50.07595060765743	0.8322062492370605	0.8449142575263977
616	4515.917180707998	12.038153976202011	50.11862292140722	0.8325089812278748	0.8448489308357239
617	4523.298074708	11.989059165120125	50.0110300257802	0.8324402570724487	0.844890832901001
618	4530.816392375011	11.926442876458168	50.10965017974377	0.832653820514679	0.8447859287261963
619	4538.488138083019	11.770424799062312	50.250810354948044	0.8325159549713135	0.8448728322982788
620	4545.818664917024	11.803370982408524	50.10039582103491	0.8322125673294067	0.8449510931968689
621	4553.065259708004	11.886524058878422	50.11132813245058	0.832465410232544	0.8449565768241882
622	4560.373852625024	11.907270058989525	49.98958922177553	0.8324768543243408	0.8450048565864563
623	4567.660169875016	12.247476682066917	50.078649796545506	0.8327280282974243	0.8450363278388977
624	4574.999915000022	12.540528319776058	50.031206615269184	0.8322861790657043	0.8450288772583008
625	4582.266373542021	11.919406741857529	50.071999311447144	0.8325651288032532	0.8448218107223511
626	4589.613188500021	12.528441324830055	50.060662396252155	0.8325273990631104	0.8449532985687256
627	4597.463371457998	11.97626693546772	50.02280631661415	0.8327841758728027	0.8449187874794006
628	4605.315528292005	11.842667780816555	50.01453846693039	0.8327127695083618	0.8448873162269592
629	4612.989546625002	12.661442056298256	50.07376666367054	0.8325371146202087	0.8450071811676025
630	4621.064287667017	12.385453581809998	49.951969504356384	0.8323649168014526	0.845099687576294
631	4628.651011667011	12.694595336914062	50.074779614806175	0.8327867388725281	0.8448022603988647
632	4636.031943875016	11.775572915561497	50.030526489019394	0.8326716423034668	0.8449516296386719
633	4644.079846167006	11.796293005347252	49.994271501898766	0.8324699997901917	0.845112144947052
634	4651.809984000021	12.007546082139015	50.19022960960865	0.8326296210289001	0.8450477719306946
635	4660.514828208019	11.854855671525002	50.04969783127308	0.8327874541282654	0.8448768854141235
636	4668.275757249998	11.831797987222672	49.96767447143793	0.8327301740646362	0.8450421094894409
637	4675.9993813330075	11.81096177175641	49.99672236293554	0.8328226804733276	0.8450171947479248
638	4683.9614428750065	12.392820253968239	50.02194622904062	0.8327643275260925	0.8449299931526184
639	4692.75390166702	12.589856535196304	50.021127976477146	0.8328142166137695	0.8449276685714722
640	4701.414549333014	11.819545842707157	50.22207111120224	0.832780122756958	0.8449234366416931
641	4709.194023582997	12.085898473858833	50.07626061886549	0.8324363827705383	0.8450194597244263
642	4717.635956625018	12.222573295235634	50.083425626158714	0.8326526880264282	0.8449923992156982
643	4725.287776250014	11.974594481289387	49.975615821778774	0.8325867652893066	0.8450559973716736
644	4733.843840708025	11.852233290672302	50.002996414899826	0.8329576849937439	0.8449636697769165
645	4741.438286458026	11.780524976551533	50.09976826608181	0.8326332569122314	0.8451111316680908
646	4748.910635750013	11.781742226332426	50.049492590129375	0.8327933549880981	0.8451271057128906
647	4756.337443458004	11.80700296908617	50.01069080084562	0.8326805830001831	0.8448570966720581
648	4763.84813966701	12.164278388023376	49.95384058356285	0.8325507044792175	0.8451915979385376
649	4771.678938083001	11.819970913231373	49.967595264315605	0.8328540325164795	0.8448516726493835
650	4779.3781922920025	11.946648731827736	49.97464659065008	0.8327209949493408	0.845003068447113
651	4786.805361750012	12.08809656649828	50.161925323307514	0.8326265215873718	0.8448969721794128
652	4794.41575408302	11.776188710704446	49.923338800668716	0.8326489329338074	0.8450698852539062
653	4802.408299167	11.856889881193638	50.00768081843853	0.8327018022537231	0.8449293971061707
654	4809.8165357920225	11.917828112840652	49.925887890160084	0.8326097726821899	0.844950258731842
655	4817.824151125009	12.072395995259285	49.92913257330656	0.8326547741889954	0.8450456261634827
656	4825.713765042019	12.004591286182404	50.004074580967426	0.8329031467437744	0.8450195789337158
657	4833.482277667004	12.136904135346413	50.006437458097935	0.8328643441200256	0.8450419902801514
658	4840.868176500022	11.819852001965046	49.936373487114906	0.8325402736663818	0.8451467752456665
659	4848.149411667022	12.004389300942421	49.97551507502794	0.8328302502632141	0.845169186592102
660	4855.481153125002	11.872649528086185	49.97634416073561	0.832916796207428	0.8449752330780029
661	4862.770902292017	12.027567863464355	49.968495547771454	0.8329086899757385	0.8450933694839478
662	4870.189790667006	11.822025828063488	49.99605493247509	0.8329584002494812	0.8448952436447144
663	4877.638048916997	11.984043098986149	49.95211918652058	0.8330326080322266	0.8450061082839966
664	4885.062425042008	12.01931557059288	50.03997150063515	0.83305424451828	0.8450168371200562
665	4892.855901917006	11.930560186505318	50.00350194424391	0.832834005355835	0.8450166583061218
666	4900.270370583021	12.102141261100769	49.997777827084064	0.8330231308937073	0.8449537754058838
667	4907.535019333009	11.756142700091004	49.96939428150654	0.832839846611023	0.8451560139656067
668	4914.866821542004	11.863789111375809	49.967927515506744	0.8328273296356201	0.8449990153312683
669	4922.161638958001	12.02304520457983	50.01180585473776	0.8328201174736023	0.8450900316238403
670	4929.46786158302	12.1616782695055	49.96102022379637	0.8327807188034058	0.8450124859809875
671	4936.986539083009	13.137091621756554	50.015308402478695	0.8328733444213867	0.8451088666915894
672	4944.238744708011	12.002109840512276	49.98983809351921	0.8328672647476196	0.8450955152511597
673	4951.895522667008	11.84838093817234	50.06427376717329	0.8327710032463074	0.8450154066085815
674	4959.39721575001	11.850546643137932	49.98918741941452	0.832678496837616	0.8450206518173218
675	4966.8134776670195	11.823190942406654	49.90725012123585	0.8328080177307129	0.845028817653656
676	4974.1380040420045	11.816654704511166	49.93197123706341	0.8329634070396423	0.8449831008911133
677	4981.522116625012	12.978090345859528	50.110991306602955	0.8330442309379578	0.8449827432632446
678	4988.7550975000195	12.73882594704628	50.01173175126314	0.8330265879631042	0.8450921177864075
679	4996.1377040829975	11.778277318924665	49.93035812675953	0.8330053091049194	0.8451619148254395
680	5003.496166541998	12.311699196696281	49.90630294382572	0.8331406116485596	0.8450188636779785
681	5011.093443999998	11.781173661351204	49.968108631670475	0.833050012588501	0.8451348543167114
682	5018.752730042004	11.769166588783264	49.872723646461964	0.8329900503158569	0.8450518846511841
683	5026.065484874998	12.58298172056675	50.079121477901936	0.8330986499786377	0.8450592160224915
684	5033.430156957998	11.82368440181017	49.89105201512575	0.8329957723617554	0.8451255559921265
685	5040.810542667023	11.902439936995506	50.03485931456089	0.8330543041229248	0.8450353741645813
686	5048.134016374999	11.753473872318864	49.931363850831985	0.8329977989196777	0.8451055288314819
687	5055.452864457999	11.918232455849648	49.922129355371	0.8329905867576599	0.8450590968132019
688	5062.861920708005	12.635736927390099	49.92836943268776	0.8329136371612549	0.8451297283172607
689	5070.321160375024	12.096657499670982	49.94873959571123	0.8329269886016846	0.8451763987541199
690	5078.004515500012	11.757040406577289	49.87101120501757	0.8330155611038208	0.8450764417648315
691	5086.039377708017	12.445232138037682	49.94294808804989	0.8329571485519409	0.8450095057487488
692	5093.743027000019	11.8020034506917	49.89208649843931	0.8331637978553772	0.8450393676757812
693	5101.380222542008	11.775103352963924	49.97394994646311	0.8332005739212036	0.8450890183448792
694	5109.222934625024	11.737087849760428	49.911714889109135	0.8330845832824707	0.8450416326522827
695	5116.869309625006	11.848638728260994	49.89487700909376	0.8329648971557617	0.8450609445571899
696	5124.324299250002	11.876920729875565	49.977071054279804	0.8330536484718323	0.8450604677200317
697	5131.9350223750225	11.977626278996468	49.89035655558109	0.8330562710762024	0.8450780510902405
698	5139.552177458012	11.742735849693418	49.936733193695545	0.8329836130142212	0.8451087474822998
699	5146.896000958019	11.75283477769699	49.886481769382954	0.8330334424972534	0.8451142311096191
700	5154.370341458009	11.753175163641572	49.82842184975743	0.833071231842041	0.8451159596443176
701	5162.351626125019	13.515370637178421	50.00670198351145	0.8331086039543152	0.8452123403549194
702	5170.029876500019	12.171844474971294	50.03665433824062	0.8332052230834961	0.8451369404792786
703	5177.479226583004	11.988777995109558	49.83747158199549	0.8331923484802246	0.8450584411621094
704	5184.860432792018	11.834602326154709	49.85668884217739	0.8331074714660645	0.8450498580932617
705	5192.588789667003	11.809805192053318	49.87539279460907	0.8331927061080933	0.8449934124946594
706	5200.035739083018	11.748337481170893	49.89130438864231	0.8331092596054077	0.845127284526825
707	5207.389112125005	12.852208822965622	49.88043797016144	0.8329690098762512	0.8450478315353394
708	5215.173170125025	11.780574172735214	49.92200221866369	0.8331100940704346	0.8450663089752197
709	5222.699158292002	12.140539981424809	49.93600661307573	0.8330590724945068	0.8450525403022766
710	5230.0016518330085	12.347175508737564	49.93023443222046	0.8330850601196289	0.8449814915657043
711	5237.388909542002	11.77156600728631	49.99802228808403	0.8331197500228882	0.8450763821601868
712	5244.7778026669985	12.192713275551796	50.19466682523489	0.8331162333488464	0.8450767993927002
713	5252.461394750018	12.118537604808807	49.868386551737785	0.8330576419830322	0.8449884653091431
714	5259.932268417004	11.829911217093468	50.09174460917711	0.8330000638961792	0.8451040983200073
715	5267.260562500014	11.968360006809235	49.92417000234127	0.8331930041313171	0.845025897026062
716	5274.681954	12.226191833615303	49.86413411051035	0.833174467086792	0.8450660705566406
717	5282.013612792012	12.824183635413647	49.94589777290821	0.8330478668212891	0.8450089693069458
718	5289.30123875002	11.737626797519624	49.94046062231064	0.8330397605895996	0.8450673222541809
719	5296.62151508301	12.904282912611961	49.84111036360264	0.8330899477005005	0.8450207114219666
720	5304.053174208006	12.032627180218697	50.06583481281996	0.8331590294837952	0.8450216054916382
721	5311.6220714170195	12.009449444711208	49.95341359078884	0.8331730961799622	0.8450164794921875
722	5319.213605708006	11.732884316061245	49.87750876694918	0.8331377506256104	0.8449791073799133
723	5326.43076841702	12.149117782711983	49.94312473386526	0.8332430124282837	0.8450750112533569
724	5333.828738375014	11.95870852470398	49.86490122228861	0.8332366347312927	0.8451130390167236
725	5341.146365082997	11.924471855163574	49.865313194692135	0.8332668542861938	0.8450976610183716
726	5348.511975208006	11.923055708408356	50.01615010201931	0.8331171274185181	0.8450672626495361
727	5355.795815375022	12.205057829618454	49.91804872453213	0.8332045078277588	0.8449151515960693
728	5363.206945875019	12.101479083299637	49.9972225651145	0.8331924676895142	0.8449168801307678
729	5370.7778664580255	11.80867362767458	49.883007772266865	0.8332232236862183	0.8449680209159851
730	5378.3338035420165	12.038346618413925	49.84807597100735	0.8332141637802124	0.8449361324310303
731	5385.633805417019	12.235899537801743	49.93413831293583	0.833301305770874	0.8449586033821106
732	5393.761673917004	11.807097658514977	49.878497920930386	0.8332704305648804	0.8450072407722473
733	5401.813950292009	12.769071266055107	49.89488176256418	0.8332080841064453	0.8449165225028992
734	5409.503012500005	12.086758852005005	49.91366197913885	0.8331737518310547	0.8449318408966064
735	5417.314286708017	12.189844511449337	49.91637112945318	0.8331024050712585	0.844970703125
736	5425.356373707997	11.887330263853073	49.87458471953869	0.8332114219665527	0.8450517654418945
737	5433.75740183302	11.948858425021172	49.8903292119503	0.8331588506698608	0.845137357711792
738	5441.287537292024	12.25197184085846	50.05510460585356	0.8332410454750061	0.8450912237167358
739	5448.887419542007	11.799178518354893	49.92889976501465	0.833286464214325	0.8450548052787781
740	5456.705285500007	11.83816872537136	49.800665102899075	0.8332462906837463	0.8450901508331299
741	5464.650626832998	11.848546795547009	50.166040264070034	0.8332012891769409	0.8451015949249268
742	5472.441506083007	11.852244049310684	49.870844818651676	0.8332470655441284	0.845069169998169
743	5480.327662000025	12.257700964808464	49.928041741251945	0.8332805633544922	0.8450990319252014
744	5488.135081792017	12.000638589262962	49.882039561867714	0.8333069086074829	0.8450267314910889
745	5496.3155860000115	11.872454836964607	49.82552733272314	0.83329838514328	0.8450362682342529
746	5503.938575542008	11.937545090913773	49.88846854865551	0.8332586884498596	0.8450949192047119
747	5511.490622708021	11.793608196079731	49.839294247329235	0.833260178565979	0.8451257348060608
748	5519.061626083014	11.772046759724617	49.84081667661667	0.833318829536438	0.8450953960418701
749	5526.800666750001	12.144025281071663	49.81203108280897	0.8332573771476746	0.8451021909713745
750	5534.6913539170055	11.81353198736906	49.84698634594679	0.8332451581954956	0.8450760245323181
751	5543.050326791999	11.806505039334297	49.861837930977345	0.8332875370979309	0.8450631499290466
752	5551.800981042004	11.76544188708067	49.92122329026461	0.8333346843719482	0.8450964689254761
753	5560.612384292006	11.752795856446028	49.84025443345308	0.8332486748695374	0.8451206684112549
754	5569.2963290830085	12.149765633046627	49.84919706732035	0.8332853317260742	0.8451247811317444
755	5577.401589750021	11.90392041951418	49.86886128038168	0.8332308530807495	0.8450790047645569
756	5587.88489687501	11.734115744242445	49.92636373639107	0.8332048654556274	0.845138669013977
757	5597.094423500006	12.670881062746048	49.84479183703661	0.8331408500671387	0.8451281785964966
758	5606.208366708015	11.879408493638039	49.77399292588234	0.8331195116043091	0.8451097011566162
759	5614.693722042022	11.907172858715057	49.829095371067524	0.8331797122955322	0.845029890537262
760	5622.495107082999	12.135369956493378	49.924124017357826	0.8331910371780396	0.8450425267219543
761	5630.239369042014	11.758790597319603	49.8517210111022	0.8332147598266602	0.8450652360916138
762	5638.416607958003	12.002871051430702	49.90159862488508	0.8332821726799011	0.8450438380241394
763	5646.822048625007	11.790321364998817	49.799073696136475	0.83329176902771	0.8450421094894409
764	5655.844368375023	11.948577970266342	49.91664158552885	0.8333070874214172	0.8450567722320557
765	5664.080406875	11.746087411418557	49.83382820338011	0.8332695960998535	0.8450735211372375
766	5673.031025167002	11.8432078063488	49.90216983854771	0.8332807421684265	0.845146119594574
767	5680.723161917005	11.943843267858028	49.826833449304104	0.8332434892654419	0.8450654149055481
768	5688.177640750015	11.966317817568779	49.81590838730335	0.8332642316818237	0.845119059085846
769	5695.501024625002	11.903610229492188	49.85929487645626	0.8332377672195435	0.8451662063598633
770	5702.745635792002	12.154320031404495	49.80486612766981	0.8332537412643433	0.8451690673828125
771	5710.033533083013	12.238510623574257	49.88046281039715	0.8332598209381104	0.8450968265533447
772	5717.308585917024	12.506403401494026	49.79597979784012	0.8333801627159119	0.845136284828186
773	5724.663421250007	13.498199582099915	49.88232338428497	0.8332667946815491	0.8450794219970703
774	5732.350029333	11.92352645099163	49.85349700599909	0.8332557678222656	0.8450617790222168
775	5739.770228167006	14.493885099887848	49.90096274018288	0.8333195447921753	0.8449934124946594
776	5747.0659450830135	11.838606163859367	49.88896515965462	0.8332809209823608	0.8450246453285217
777	5754.359228417015	12.082253351807594	49.94098989665508	0.8333526849746704	0.8450760841369629
778	5761.866543833021	11.831312514841557	49.79987286031246	0.833321750164032	0.8450945019721985
779	5769.1466332920245	11.949803873896599	49.878344386816025	0.8333324193954468	0.8451529741287231
780	5776.434692167008	12.00167441368103	49.85530227422714	0.8333355188369751	0.8451273441314697
781	5783.775629000011	11.832922987639904	49.86222607642412	0.8333115577697754	0.8451608419418335
782	5791.204331292014	11.742543476633728	49.87486633658409	0.8333253264427185	0.8451628684997559
783	5798.861910292006	12.186427816748619	50.000285133719444	0.8333614468574524	0.8451036810874939
784	5806.138899708021	11.87104469537735	49.88485050201416	0.8333718180656433	0.8451060056686401
785	5813.427783542022	11.741805966943502	49.921359561383724	0.8333649039268494	0.8451206088066101
786	5820.833259583014	11.750456241890788	49.83557813614607	0.8333264589309692	0.8451300859451294
787	5828.074870542012	11.778414368629456	49.81951820105314	0.833347499370575	0.8451061248779297
788	5835.363838625024	11.927530571818352	49.986056454479694	0.8333592414855957	0.8450976014137268
789	5842.6950664170145	11.852352604269981	49.80196878314018	0.8333487510681152	0.8451027870178223
790	5850.017655833013	11.738279055804014	49.89824045449495	0.8333170413970947	0.8451181650161743
791	5857.843231125007	11.978844910860062	49.81831955164671	0.8333648443222046	0.8451058864593506
792	5865.2157589580165	11.9281225502491	49.85123934596777	0.8333835005760193	0.8450497388839722
793	5872.689730583021	11.897031262516975	49.8158990368247	0.8333629369735718	0.8450698256492615
794	5880.588599458017	12.183653146028519	49.96832102537155	0.8333357572555542	0.8451016545295715
795	5888.416048083018	11.734782326966524	50.00527159124613	0.8333379626274109	0.8450972437858582
796	5895.791064999998	12.367280505597591	49.83452294766903	0.83334881067276	0.8450973033905029
797	5903.097016792017	11.995684921741486	49.866766810417175	0.8333231210708618	0.8450871109962463
798	5910.64287762501	11.935791835188866	49.92366971075535	0.8333848714828491	0.8450843095779419
799	5919.051772792009	11.720487747108564	49.827959805727005	0.8333765268325806	0.8450833559036255
800	5926.759835458011	11.78841246664524	49.846030563116074	0.8334017992019653	0.8450902700424194
801	5934.418423499999	11.85831604897976	49.83338075131178	0.8333991765975952	0.8450647592544556
802	5942.20466995801	12.16432735323906	49.91425210237503	0.8333649635314941	0.8450846076011658
803	5950.038311542012	11.90790468454361	49.75279528275132	0.8333902359008789	0.8450603485107422
804	5957.92444475001	11.77441755309701	49.84199495613575	0.8333856463432312	0.845069408416748
805	5966.351887375	12.166402906179428	49.8956116810441	0.8333753943443298	0.8450632095336914
806	5975.314323416998	11.79501836746931	49.87522688508034	0.8333436846733093	0.8450838327407837
807	5983.193047208013	11.755251005291939	49.81751097738743	0.8333471417427063	0.8450794219970703
808	5991.847611375008	11.720973159361165	49.82564229518175	0.8333554267883301	0.8450737595558167
809	6000.077461333014	11.77474695444107	49.809902399778366	0.8333446979522705	0.845051646232605
810	6008.074451250024	12.974126562476158	49.819398775696754	0.833392858505249	0.845032811164856
811	6015.958796917024	11.73541714437306	49.92300195246935	0.8333870768547058	0.8450149893760681
812	6023.534744542005	12.130437821149826	49.90737693011761	0.8334178328514099	0.8450424075126648
813	6031.259356125025	11.754881050437689	49.83263052999973	0.833417534828186	0.8450362682342529
814	6039.3467511250055	11.892968520522118	49.871423706412315	0.8333693742752075	0.8450663685798645
815	6047.057172833011	12.163236662745476	49.7973512634635	0.8333908319473267	0.8450734615325928
816	6054.588032333006	12.195822656154633	49.84610318392515	0.8333584666252136	0.8451089859008789
817	6061.902488375024	11.740426305681467	49.812781773507595	0.8333920240402222	0.8450980186462402
818	6069.272438333021	12.205410495400429	49.897669196128845	0.8333892822265625	0.8450816869735718
819	6076.858572500001	12.415127515792847	49.89714480936527	0.8334315419197083	0.8450686931610107
820	6084.450880832999	13.54532939195633	49.91108611226082	0.8333826065063477	0.8450292348861694
821	6092.162834583025	11.748045317828655	49.82179944962263	0.8333753347396851	0.8450484871864319
822	6099.584672583005	12.827117174863815	49.80802610516548	0.8334425687789917	0.8450372219085693
823	6107.052762458014	11.965198531746864	49.878626100718975	0.8334187269210815	0.8450629115104675
824	6114.405489500001	11.766360193490982	49.80008481442928	0.8333942890167236	0.8450456857681274
825	6121.804295667011	12.715417519211769	49.83542651683092	0.8334051370620728	0.8450109958648682
826	6129.153818917024	11.848559647798538	49.82585475593805	0.833376944065094	0.8450226783752441
827	6136.580842292024	12.10292799770832	49.922308161854744	0.8333449363708496	0.8450600504875183
828	6143.972718042001	11.8581872433424	49.87755637615919	0.83335942029953	0.8450387716293335
829	6151.611128292017	11.991948574781418	50.050630778074265	0.833411455154419	0.8450310230255127
830	6159.138642042002	11.771042887121439	49.77483265846968	0.8334144949913025	0.8450438380241394
831	6166.5757857080025	11.774238787591457	49.77793508768082	0.8333904147148132	0.8450567126274109
832	6173.882242792024	11.919347301125526	49.910349398851395	0.8333871364593506	0.8450563549995422
833	6181.3396679170255	11.834641918540001	49.8967532068491	0.8333886861801147	0.845088005065918
834	6188.673225292005	11.806157380342484	49.814970433712006	0.8333922624588013	0.8450706005096436
835	6196.120211041998	13.63384997844696	50.02925478667021	0.8334152698516846	0.8451058268547058
836	6203.530535375001	11.873360633850098	49.86440421640873	0.8333796262741089	0.8450987339019775
837	6211.1000325000205	12.019623428583145	49.86855681985617	0.8334141969680786	0.8450913429260254
838	6218.93779687502	11.807454004883766	49.984214790165424	0.8334122896194458	0.8451005220413208
839	6226.355452167016	11.751261189579964	49.91222687065601	0.8334287405014038	0.8450711965560913
840	6233.768004708021	12.268454268574715	49.891355246305466	0.8334121704101562	0.8450852036476135
841	6241.140554458019	11.770591787993908	49.79840128868818	0.8334025740623474	0.8450783491134644
842	6248.535214750009	11.910777777433395	49.776417180895805	0.833416223526001	0.8450767993927002
843	6255.805605833011	11.834642693400383	49.95348401367664	0.8334132432937622	0.845084547996521
844	6263.207962458022	11.784095115959644	49.74727050215006	0.8333818316459656	0.8450847864151001
845	6270.650039458007	11.770423982292414	49.83988677710295	0.8333969116210938	0.8450900912284851
846	6278.412312458007	12.53395639359951	49.75724981725216	0.8334152102470398	0.8450799584388733
847	6285.787608000013	11.773698288947344	49.81206066161394	0.8333925008773804	0.8450970649719238
848	6293.097722000006	11.923226088285446	50.01196391135454	0.8334051966667175	0.8450846672058105
849	6300.463363832998	11.982999786734581	50.0816233381629	0.8334280848503113	0.8450965881347656
850	6307.907841292006	12.01659344136715	49.83014577627182	0.8334171175956726	0.8450825214385986
851	6315.319748333015	11.793860681355	49.81136629730463	0.8334242105484009	0.8450875878334045
852	6322.787494582997	11.78299767524004	50.06206465512514	0.8334167003631592	0.8450959920883179
853	6330.230175542005	12.103531040251255	49.83734232187271	0.8334119915962219	0.845108687877655
854	6338.001049792016	11.834701992571354	49.79099288582802	0.8334190845489502	0.8451095223426819
855	6345.474776333023	11.978869691491127	49.90334723889828	0.8334122896194458	0.8450949192047119
856	6352.93779270802	11.735151512548327	49.77638878673315	0.8334094882011414	0.8450953960418701
857	6361.746700292017	13.140474244952202	49.827132768929005	0.8334819078445435	0.8450374007225037
858	6370.131225999998	11.734011651948094	49.86570888757706	0.8334623575210571	0.8450578451156616
859	6377.94214095801	12.022197425365448	49.73992416635156	0.8334543108940125	0.8450716137886047
860	6386.195867208007	11.949974849820137	49.82628917694092	0.8334475755691528	0.8450636863708496
861	6394.425684125017	12.087154224514961	49.86281505972147	0.8334280252456665	0.8450751304626465
862	6401.923244333011	11.715389643097296	49.97129200398922	0.8334218263626099	0.8450909852981567
863	6409.330393542012	12.056033916771412	49.91767108440399	0.8334342241287231	0.8450537919998169
864	6416.751649958023	11.969719797372818	49.79397927969694	0.8334110379219055	0.8450685739517212
865	6424.115628875006	11.733168330043554	49.888778045773506	0.833412766456604	0.8450667858123779
866	6431.516073458013	12.059540040791035	49.77061905711889	0.8334535360336304	0.8450729250907898
867	6438.886602542014	12.052964068949223	49.77686929702759	0.8334372043609619	0.8450965285301208
868	6446.301953375019	11.768906258046627	49.765984155237675	0.8334499597549438	0.8450943827629089
869	6454.309941292013	11.77739579975605	49.83680331707001	0.8334323167800903	0.845106840133667
870	6461.695439250005	11.737736288458109	49.77566809952259	0.8334389925003052	0.845098614692688
871	6469.117289542017	11.768745008856058	49.83451189100742	0.833448588848114	0.8450825214385986
872	6476.523689250025	12.335062935948372	49.846331872045994	0.8334304094314575	0.845128059387207
873	6483.893551750021	11.722304959781468	49.90978528559208	0.8334413170814514	0.84511399269104
874	6491.29128116701	12.150335684418678	49.742266334593296	0.8334388136863708	0.8451074361801147
875	6498.763911000016	11.797463715076447	49.83875893801451	0.8334528803825378	0.8451105356216431
876	6506.127733542002	12.043292045593262	49.83322834968567	0.8334364891052246	0.8451215028762817
877	6514.057292083016	11.850535497069359	49.84453717619181	0.8334252834320068	0.8451049327850342
878	6521.53408529202	11.82309752702713	49.772571593523026	0.8334364295005798	0.8451051115989685
879	6529.105041708011	11.7481320053339	49.749436013400555	0.8334152698516846	0.845090925693512
880	6536.664537167002	11.818318091332912	49.77434069663286	0.8334292769432068	0.8451005816459656
881	6544.010265667021	11.903177082538605	49.98599734902382	0.8334304690361023	0.8450990915298462
882	6551.547437083005	11.804009325802326	49.81997102499008	0.8334373235702515	0.8450925350189209
883	6558.989273375017	12.842147514224052	49.85761447995901	0.8334384560585022	0.8450391292572021
884	6566.475667582999	11.843723088502884	49.85401323437691	0.8334423303604126	0.8450464010238647
885	6574.390881125	11.954797647893429	49.82368290424347	0.8334497809410095	0.8450409173965454
886	6581.834049500001	12.042219996452332	49.97932557016611	0.8334318399429321	0.8450523018836975
887	6589.413153750007	13.08113768696785	49.80936335772276	0.8334105014801025	0.8450714349746704
888	6596.819252542016	12.226391345262527	49.91420017927885	0.8334280252456665	0.8450713157653809
889	6604.1854803750175	11.767089519649744	49.81453411281109	0.8334268927574158	0.8450888395309448
890	6611.569099667016	11.81240726262331	49.78598337620497	0.833437442779541	0.845083475112915
891	6619.1188005	12.79496243596077	49.89908690005541	0.8334339261054993	0.8450883626937866
892	6626.675778917008	11.860179483890533	49.82234168052673	0.8334409594535828	0.8451049327850342
893	6634.646940417006	11.956637889146805	49.92558169364929	0.8334475755691528	0.8451014161109924
894	6642.114129708003	11.841692514717579	49.81045413017273	0.83344566822052	0.8451060056686401
895	6649.63687300001	11.770277243107557	49.73801565915346	0.8334441184997559	0.8450980186462402
896	6657.057022125024	11.754078779369593	49.78087840229273	0.8334540724754333	0.845088005065918
897	6664.46745562501	14.04210889339447	49.83664347976446	0.8334634304046631	0.8450870513916016
898	6672.077582083002	12.004442781209946	49.75734007358551	0.8334580063819885	0.8450802564620972
899	6679.564833458018	11.784467153251171	50.03578159958124	0.8334566354751587	0.8450901508331299
900	6687.097012083017	12.554431714117527	49.82749854028225	0.8334707617759705	0.8450554609298706
901	6694.980900750001	11.785161644220352	49.8377618342638	0.8334639072418213	0.8450668454170227
902	6702.485894625017	11.753282338380814	49.885512977838516	0.8334628939628601	0.8450772166252136
903	6709.905239458021	11.784043855965137	49.88782236725092	0.8334704637527466	0.845076858997345
904	6717.299174292013	12.670730717480183	49.867118299007416	0.8334717154502869	0.8451205492019653
905	6724.721884083003	12.660511419177055	49.84494658559561	0.8334762454032898	0.845110297203064
906	6732.116657750012	12.289769604802132	49.85917230695486	0.8334857225418091	0.8450706601142883
907	6739.5439897920005	11.711414972603961	49.802481919527054	0.8334754109382629	0.8450723886489868
908	6746.961984417023	11.786160089075565	49.79604119062424	0.8334800004959106	0.8450838327407837
909	6754.845569249999	11.944270268082619	49.86782035976648	0.8334699869155884	0.8450791835784912
910	6762.320753750013	11.720394168049097	49.82997531443834	0.8334645628929138	0.8450890183448792
911	6769.750521042006	11.71826466685161	49.80080882459879	0.8334653973579407	0.845093846321106
912	6777.20389629202	11.771703790873289	49.86545121669769	0.8334776163101196	0.8450913429260254
913	6784.588819625002	11.767361868172884	49.93863110244274	0.8334638476371765	0.8450920581817627
914	6792.032455417007	11.765503715723753	49.817041859030724	0.8334647417068481	0.8450916409492493
915	6799.45563362501	12.181457936763763	49.784658931195736	0.8334593772888184	0.8450796604156494
916	6806.848256833007	12.00733795762062	49.75043913722038	0.8334538340568542	0.8450882434844971
917	6814.729985542013	11.842823341488838	49.77956373244524	0.8334549069404602	0.8450852036476135
918	6822.223807292001	11.767365418374538	49.9454560354352	0.8334565162658691	0.8450928926467896
919	6829.676236542	11.82901182025671	49.766928151249886	0.8334550857543945	0.8450976610183716
920	6837.231635083008	11.74835330992937	49.78713980317116	0.8334662318229675	0.8450821042060852
921	6844.635942292021	11.745329409837723	49.780913069844246	0.8334610462188721	0.8450886011123657
922	6852.076609750016	12.078420639038086	49.8056425601244	0.833467960357666	0.845092236995697
923	6859.575814250013	12.252068549394608	49.80633648484945	0.833477258682251	0.8450918197631836
924	6866.947592583019	11.732619816437364	49.80431519448757	0.8334794044494629	0.845088541507721
925	6874.776170500001	11.823333412408829	49.846815302968025	0.8334776759147644	0.8451011180877686
926	6882.225431542	11.783543318510056	49.86973827332258	0.8334751129150391	0.8450946807861328
927	6889.756068000017	12.012117877602577	49.7639092579484	0.8334619998931885	0.8450937271118164
928	6897.222098416998	11.749454595148563	49.78600490093231	0.8334665298461914	0.8450896143913269
929	6904.593458083022	12.169351294636726	49.86762860417366	0.8334507942199707	0.8450832962989807
930	6911.964351458009	11.782756477594376	49.856246925890446	0.8334628343582153	0.8450771570205688
931	6919.404321625014	12.497078076004982	49.82824832201004	0.8334696292877197	0.8450614213943481
932	6926.726557750022	11.72647114470601	50.140394769608974	0.8334687948226929	0.84506756067276
933	6934.652346083021	11.804074548184872	49.80433897674084	0.8334770202636719	0.8450765609741211
934	6942.075722875015	11.896172657608986	49.84897444397211	0.8334752917289734	0.8450759053230286
935	6949.505051417014	11.921104669570923	49.74638567864895	0.8334842920303345	0.8450781106948853
936	6956.971892333007	11.94333504140377	49.942012652754784	0.8334840536117554	0.8450815081596375
937	6964.39887837501	11.808581925928593	50.05070513486862	0.8334898352622986	0.84508216381073
938	6971.84276608302	11.849694639444351	49.802984803915024	0.8334846496582031	0.8450790047645569
939	6979.283876041998	11.74772872775793	49.976828403770924	0.8334856033325195	0.8450874090194702
940	6987.4526057080075	12.589980021119118	49.93485216796398	0.8334845304489136	0.8451051712036133
941	6996.143314792018	13.401472233235836	49.78133799135685	0.8335057497024536	0.8450899124145508
942	7006.619238667015	11.743867963552475	49.90340329706669	0.8335068821907043	0.8450883626937866
943	7013.853792750015	11.717345162294805	49.79259192943573	0.8335080146789551	0.8450954556465149
944	7024.168413208012	11.76104986295104	49.76298086345196	0.8335098624229431	0.8450950384140015
945	7032.360625125002	12.022416710853577	49.953088872134686	0.8335050344467163	0.8450924158096313
946	7039.4090159170155	12.327683165669441	49.771047197282314	0.8335060477256775	0.8450803160667419
947	7046.572705083003	11.822985284030437	49.896976821124554	0.8335055708885193	0.8450930118560791
948	7053.791910375003	12.508434817194939	49.80770566314459	0.8335014581680298	0.845104455947876
949	7060.897467500006	11.755944810807705	49.7793295904994	0.8335062861442566	0.8450978994369507
950	7067.970571917016	11.915881559252739	49.843251436948776	0.8334994316101074	0.8451011776924133
951	7075.052004167024	12.982501864433289	49.78482959419489	0.8335000872612	0.8451017141342163
952	7082.754339583014	12.802702739834785	49.89814279973507	0.8335163593292236	0.8450834155082703
953	7089.82488	11.748165111988783	49.78440463542938	0.8335162997245789	0.8450894355773926
954	7096.99745825	11.717574171256274	49.884417951107025	0.8335114121437073	0.8450966477394104
955	7104.109013792011	12.145003885030746	50.00020321458578	0.8335187435150146	0.845095157623291
956	7111.220890124998	11.715776273515075	49.76232236623764	0.8335199952125549	0.8450956344604492
957	7118.299397249997	11.733002876862884	49.779929459095	0.8335180878639221	0.8450990915298462
958	7125.512631707999	12.270123407244682	49.85275956988335	0.8335217237472534	0.8451035022735596
959	7132.6443939169985	11.800552763044834	49.82094145566225	0.8335205316543579	0.8451087474822998
960	7140.19189854202	11.772527039051056	50.01279889792204	0.8335220217704773	0.8451085090637207
961	7147.529725958011	12.045333296060562	49.75233160704374	0.8335291147232056	0.845109224319458
962	7154.634629500011	11.859842874109745	49.785896085202694	0.83353191614151	0.845106840133667
963	7161.727906500018	11.916944965720177	49.73880911618471	0.8335263133049011	0.8451090455055237
964	7168.875254625018	12.62019307911396	49.7831369638443	0.8335281014442444	0.8451113700866699
965	7175.94420108301	12.296682879328728	49.81556484848261	0.8335341215133667	0.8451048731803894
966	7183.079002833023	11.91214045137167	49.89732712507248	0.8335275650024414	0.8451026678085327
967	7190.225155958004	11.733892943710089	49.786988496780396	0.8335321545600891	0.8451049327850342
968	7197.30760845801	16.611308053135872	49.88128709793091	0.8335393667221069	0.8450838923454285
969	7205.095734458009	11.776574052870274	49.802033975720406	0.8335369825363159	0.845082700252533
970	7212.187853792013	12.771335810422897	49.78869013488293	0.8335322141647339	0.8450800180435181
971	7219.332099125022	12.802904471755028	49.8290741443634	0.8335428833961487	0.8450725674629211
972	7226.38068058301	11.771028853952885	49.72715273499489	0.8335357904434204	0.8450767993927002
973	7233.497818667005	11.960321336984634	49.91833973675966	0.8335332274436951	0.8450730443000793
974	7240.592741041997	12.217232316732407	49.76146782934666	0.8335291743278503	0.8450844287872314
975	7247.809984500025	11.920177519321442	49.82805706560612	0.8335452079772949	0.8450803756713867
976	7254.89466762502	11.710608119377866	49.7675716727972	0.8335407972335815	0.8450852632522583
977	7262.536398167023	11.755516104400158	49.77059376984835	0.8335390090942383	0.8450813293457031
978	7269.603037875	11.769952736794949	49.7714566513896	0.8335387110710144	0.8450806736946106
979	7276.694958167005	11.749205727130175	49.80344355106354	0.8335375785827637	0.8450864553451538
980	7283.805477625021	11.76409686729312	49.88017725199461	0.8335365653038025	0.8450888395309448
981	7290.968601500004	12.122886270284653	49.786784544587135	0.8335355520248413	0.8450900316238403
982	7298.088021958014	11.993029184639454	49.761438235640526	0.8335363268852234	0.8450910449028015
983	7305.222151958005	11.741370048373938	49.90114726871252	0.8335415720939636	0.8450871706008911
984	7312.343612500001	11.777423672378063	49.8495936691761	0.8335399627685547	0.8450911045074463
985	7319.937902542006	11.711860636249185	49.78589442744851	0.8335407972335815	0.8450910449028015
986	7327.290072667005	12.8237913697958	49.76253889501095	0.8335421085357666	0.8450963497161865
987	7334.3513122080185	11.859828397631645	49.74430426955223	0.8335391879081726	0.8450995683670044
988	7341.60898816702	11.768953129649162	49.905718088150024	0.8335379362106323	0.8451023101806641
989	7348.758279792004	11.712455356959254	49.740240044891834	0.8335394263267517	0.845102071762085
990	7355.969540625025	11.74976309016347	49.796952687203884	0.8335384130477905	0.8451069593429565
991	7363.183846708009	11.749706633388996	49.75728441774845	0.8335356712341309	0.8451048731803894
992	7370.283102667017	11.794758215546608	49.854784086346626	0.8335367441177368	0.8451076149940491
993	7377.383328374999	11.770764842629433	49.90672858431935	0.8335348963737488	0.8451054692268372
994	7385.114911792014	11.809606231749058	49.8625723272562	0.8335302472114563	0.8451098799705505
995	7392.270016208	11.921147339046001	49.89136739820242	0.8335325717926025	0.8451076745986938
996	7399.391347042023	11.95209202170372	49.96989009529352	0.8335289359092712	0.8451022505760193
997	7406.450186833012	11.842160075902939	49.7972162514925	0.8335310220718384	0.8451018929481506
998	7413.55477341701	11.715057269204408	49.93793345987797	0.8335299491882324	0.8451035022735596
999	7420.6630530420225	12.144075781106949	49.77200757712126	0.8335366249084473	0.8451036810874939
1000	7427.807418875018	11.7407267652452	49.755790926516056	0.8335350751876831	0.8451062440872192
